0.0 0.01963
1.0 0.019635518851851854
2.0 0.01964107525925926
3.0 0.019646669000000002
4.0 0.019652299851851858
5.0 0.01965796759259259
6.0 0.019663672
7.0 0.019669412851851854
8.0 0.019675189925925925
9.0 0.019681003000000002
10.0 0.01968685185185185
11.0 0.01969273625925926
12.0 0.019698656000000002
13.0 0.019704610851851854
14.0 0.019710600592592595
15.0 0.019716625
16.0 0.01972268385185185
17.0 0.01972877692592593
18.0 0.019734904
19.0 0.019741064851851852
20.0 0.01974725925925926
21.0 0.019753487
22.0 0.019759747851851854
23.0 0.019766041592592595
24.0 0.019772368000000002
25.0 0.019778726851851853
26.0 0.019785117925925924
27.0 0.019791541
28.0 0.01979799585185185
29.0 0.01980448225925926
30.0 0.019811
31.0 0.01981754885185185
32.0 0.019824128592592593
33.0 0.019830739
34.0 0.01983737985185185
35.0 0.019844050925925925
36.0 0.019850752
37.0 0.019857482851851852
38.0 0.01986424325925926
39.0 0.019871033000000003
40.0 0.01987785185185185
41.0 0.019884699592592592
42.0 0.019891576
43.0 0.01989848085185185
44.0 0.019905413925925926
45.0 0.019912375
46.0 0.019919363851851852
47.0 0.01992638025925926
48.0 0.019933424
49.0 0.019940494851851853
50.0 0.019947592592592593
51.0 0.019954717
52.0 0.019961867851851854
53.0 0.019969044925925928
54.0 0.019976248000000002
55.0 0.019983476851851853
56.0 0.019990731259259258
57.0 0.019998011
58.0 0.02000531585185185
59.0 0.020012645592592592
60.0 0.02002
61.0 0.020027409815570676
62.0 0.020034904284202567
63.0 0.02004248093877551
64.0 0.02005013731216931
65.0 0.020057870937263793
66.0 0.020065679346938776
67.0 0.02007356007407407
68.0 0.02008151065154951
69.0 0.020089528612244896
70.0 0.02009761148904006
71.0 0.020105756814814815
72.0 0.020113962122448977
73.0 0.020122224944822374
74.0 0.020130542814814814
75.0 0.020138913265306122
76.0 0.020147333829176113
77.0 0.02015580203930461
78.0 0.020164315428571427
79.0 0.020172871529856383
80.0 0.0201814678760393
81.0 0.020190101999999998
82.0 0.02019877143461829
83.0 0.020207473712774
84.0 0.020216206367346938
85.0 0.02022496693121693
86.0 0.020233752937263795
87.0 0.020242561918367343
88.0 0.020251391407407407
89.0 0.020260238937263798
90.0 0.020269102040816327
91.0 0.020277978250944823
92.0 0.0202868651005291
93.0 0.020295760122448978
94.0 0.02030466084958428
95.0 0.020313564814814812
96.0 0.020322469551020406
97.0 0.020331372591080876
98.0 0.020340271467876037
99.0 0.020349163714285714
100.0 0.020358046863189722
101.0 0.020366918447467876
102.0 0.020375775999999998
103.0 0.02038461705366591
104.0 0.020393439141345428
105.0 0.02040223979591837
106.0 0.020411016550264553
107.0 0.020419766937263793
108.0 0.020428488489795917
109.0 0.020437178740740743
110.0 0.02044583522297808
111.0 0.020454455469387758
112.0 0.020463037012849582
113.0 0.020471577386243386
114.0 0.02048007412244898
115.0 0.02048852475434618
116.0 0.020496926814814815
117.0 0.02050527783673469
118.0 0.020513575352985636
119.0 0.020521816896447467
120.0 0.02053
121.0 0.02053813725245654
122.0 0.020546243597883596
123.0 0.020554320102040818
124.0 0.020562367830687833
125.0 0.020570387849584277
126.0 0.020578381224489795
127.0 0.02058634902116402
128.0 0.020594292305366593
129.0 0.02060221214285714
130.0 0.020610109599395313
131.0 0.02061798574074074
132.0 0.020625841632653064
133.0 0.02063367834089191
134.0 0.020641496931216932
135.0 0.020649298469387758
136.0 0.02065708402116402
137.0 0.02066485465230537
138.0 0.02067261142857143
139.0 0.020680355415721843
140.0 0.020688087679516253
141.0 0.020695809285714288
142.0 0.020703521300075585
143.0 0.02071122478835979
144.0 0.020718920816326532
145.0 0.020726610449735453
146.0 0.02073429475434618
147.0 0.02074197479591837
148.0 0.02074965164021164
149.0 0.020757326352985637
150.0 0.020765
151.0 0.020772673647014364
152.0 0.02078034835978836
153.0 0.020788025204081635
154.0 0.020795705245653818
155.0 0.02080338955026455
156.0 0.020811079183673472
157.0 0.02081877521164021
158.0 0.020826478699924416
159.0 0.020834190714285716
160.0 0.02084191232048375
161.0 0.020849644584278158
162.0 0.020857388571428572
163.0 0.020865145347694635
164.0 0.02087291597883598
165.0 0.020880701530612247
166.0 0.02088850306878307
167.0 0.02089632165910809
168.0 0.020904158367346937
169.0 0.02091201425925926
170.0 0.02091989040060469
171.0 0.020927787857142856
172.0 0.02093570769463341
173.0 0.020943650978835982
174.0 0.020951618775510203
175.0 0.020959612150415724
176.0 0.020967632169312172
177.0 0.020975679897959183
178.0 0.020983756402116405
179.0 0.02099186274754346
180.0 0.021
181.0 0.021008181368611552
182.0 0.02101641782487354
183.0 0.021024707078100474
184.0 0.02103304683760684
185.0 0.021041434812707135
186.0 0.021049868712715858
187.0 0.021058346246947496
188.0 0.021066865124716554
189.0 0.021075423055337522
190.0 0.021084017748124892
191.0 0.02109264691239316
192.0 0.021101308257456833
193.0 0.02110999949263039
194.0 0.021118718327228326
195.0 0.021127462470565152
196.0 0.021136229631955345
197.0 0.021145017520713415
198.0 0.021153823846153847
199.0 0.02116264631759114
200.0 0.02117148264433979
201.0 0.021180330535714286
202.0 0.021189187701029132
203.0 0.021198051849598814
204.0 0.021206920690737836
205.0 0.021215791933760685
206.0 0.02122466328798186
207.0 0.021233532462715855
208.0 0.02124239716727717
209.0 0.02125125511098029
210.0 0.02126010400313972
211.0 0.02126894155306995
212.0 0.02127776547008547
213.0 0.021286573463500786
214.0 0.02129536324263039
215.0 0.021304132516788768
216.0 0.021312878995290423
217.0 0.021321600387449853
218.0 0.021330294402581548
219.0 0.02133895875
220.0 0.02134759113901971
221.0 0.021356189278955173
222.0 0.021364750879120882
223.0 0.021373273648831327
224.0 0.021381755297401016
225.0 0.021390193534144432
226.0 0.02139858606837607
227.0 0.021406930609410433
228.0 0.02141522486656201
229.0 0.0214234665491453
230.0 0.021431653366474797
231.0 0.021439783027864992
232.0 0.021447853242630387
233.0 0.021455861720085474
234.0 0.02146380616954474
235.0 0.021471684300322695
236.0 0.02147949382173382
237.0 0.021487232443092624
238.0 0.02149489787371359
239.0 0.021502487822911216
240.0 0.02151
241.0 0.02151744322443591
242.0 0.021524828918867943
243.0 0.021532158697400165
244.0 0.021539434174136615
245.0 0.021546656963181355
246.0 0.021553828678638438
247.0 0.02156095093461191
248.0 0.021568025345205837
249.0 0.021575053524524254
250.0 0.021582037086671235
251.0 0.021588977645750816
252.0 0.02159587681586706
253.0 0.02160273621112402
254.0 0.02160955744562574
255.0 0.02161634213347628
256.0 0.021623091888779693
257.0 0.021629808325640033
258.0 0.021636493058161354
259.0 0.021643147700447698
260.0 0.021649773866603137
261.0 0.021656373170731706
262.0 0.02166294722693747
263.0 0.021669497649324476
264.0 0.021676026051996783
265.0 0.021682534049058438
266.0 0.0216890232546135
267.0 0.021695495282766018
268.0 0.021701951747620036
269.0 0.02170839426327963
270.0 0.021714824443848837
271.0 0.02172124390343171
272.0 0.021727654256132305
273.0 0.021734057116054674
274.0 0.021740454097302877
275.0 0.021746846813980963
276.0 0.021753236880192976
277.0 0.021759625910042983
278.0 0.021766015517635028
279.0 0.02177240731707317
280.0 0.021778802922461458
281.0 0.021785203947903946
282.0 0.02179161200750469
283.0 0.021798028715367738
284.0 0.02180445568559715
285.0 0.02181089453229697
286.0 0.021817346869571257
287.0 0.021823814311524067
288.0 0.02183029847225945
289.0 0.021836800965881455
290.0 0.021843323406494138
291.0 0.02184986740820155
292.0 0.021856434585107755
293.0 0.021863026551316795
294.0 0.021869644920932726
295.0 0.021876291308059598
296.0 0.021882967326801474
297.0 0.021889674591262395
298.0 0.021896414715546424
299.0 0.021903189313757607
300.0 0.02191
301.0 0.02191683095598542
302.0 0.02192366536585366
303.0 0.021930503347350715
304.0 0.021937345018222594
305.0 0.021944190496215307
306.0 0.021951039899074855
307.0 0.02195789334454724
308.0 0.02196475095037847
309.0 0.02197161283431455
310.0 0.021978479114101487
311.0 0.02198534990748528
312.0 0.021992225332211943
313.0 0.02199910550602747
314.0 0.02200599054667788
315.0 0.022012880571909164
316.0 0.022019775699467337
317.0 0.0220266760470984
318.0 0.02203358173254836
319.0 0.02204049287356322
320.0 0.02204740958788898
321.0 0.022054331993271656
322.0 0.022061260207457245
323.0 0.02206819434819176
324.0 0.022075134533221193
325.0 0.02208208088029156
326.0 0.022089033507148866
327.0 0.022095992531539106
328.0 0.0221029580712083
329.0 0.02210993024390244
330.0 0.022116909167367537
331.0 0.022123894959349594
332.0 0.022130887737594612
333.0 0.02213788761984861
334.0 0.022144894723857583
335.0 0.022151909167367534
336.0 0.02215893106812447
337.0 0.022165960543874402
338.0 0.022172997712363328
339.0 0.022180042691337255
340.0 0.022187095598542192
341.0 0.022194156551724135
342.0 0.022201225668629098
343.0 0.022208303067003082
344.0 0.02221538886459209
345.0 0.022222483179142136
346.0 0.022229586128399214
347.0 0.022236697830109335
348.0 0.0222438184020185
349.0 0.022250947961872724
350.0 0.022258086627418
351.0 0.022265234516400337
352.0 0.022272391746565742
353.0 0.022279558435660214
354.0 0.02228673470142977
355.0 0.02229392066162041
356.0 0.02230111643397813
357.0 0.022308322136248948
358.0 0.02231553788617886
359.0 0.022322763801513875
360.0 0.02233
361.0 0.02233724725605947
362.0 0.02234450615942029
363.0 0.022351776550787107
364.0 0.022359058270864568
365.0 0.022366351160357324
366.0 0.022373655059970014
367.0 0.022380969810407297
368.0 0.02238829525237381
369.0 0.022395631226574213
370.0 0.02240297757371314
371.0 0.022410334134495252
372.0 0.022417700749625187
373.0 0.022425077259807597
374.0 0.022432463505747128
375.0 0.022439859328148428
376.0 0.022447264567716143
377.0 0.022454679065154925
378.0 0.022462102661169416
379.0 0.022469535196464267
380.0 0.02247697651174413
381.0 0.022484426447713642
382.0 0.02249188484507746
383.0 0.02249935154454023
384.0 0.022506826386806598
385.0 0.02251430921258121
386.0 0.022521799862568716
387.0 0.022529298177473765
388.0 0.022536803998001
389.0 0.022544317164855072
390.0 0.022551837518740632
391.0 0.022559364900362318
392.0 0.02256689915042479
393.0 0.022574440109632686
394.0 0.022581987618690656
395.0 0.02258954151830335
396.0 0.022597101649175413
397.0 0.022604667852011495
398.0 0.022612239967516243
399.0 0.022619817836394305
400.0 0.022627401299350328
401.0 0.02263499019708896
402.0 0.022642584370314845
403.0 0.022650183659732634
404.0 0.022657787906046976
405.0 0.022665396949962516
406.0 0.022673010632183906
407.0 0.022680628793415793
408.0 0.02268825127436282
409.0 0.022695877915729638
410.0 0.02270350855822089
411.0 0.02271114304254123
412.0 0.022718781209395304
413.0 0.022726422899487758
414.0 0.022734067953523243
415.0 0.0227417162122064
416.0 0.02274936751624188
417.0 0.022757021706334334
418.0 0.022764678623188407
419.0 0.022772338107508745
420.0 0.02278
421.0 0.02278766218868435
422.0 0.022795322918150916
423.0 0.022802982563954768
424.0 0.02281064150165097
425.0 0.022818300106794597
426.0 0.02282595875494071
427.0 0.022833617821644385
428.0 0.02284127768246068
429.0 0.022848938712944664
430.0 0.022856601288651412
431.0 0.022864265785135986
432.0 0.02287193257795345
433.0 0.02287960204265888
434.0 0.022887274554807335
435.0 0.022894950489953887
436.0 0.022902630223653606
437.0 0.022910314131461558
438.0 0.022918002588932805
439.0 0.022925695971622424
440.0 0.022933394655085475
441.0 0.02294109901487703
442.0 0.02294880942655216
443.0 0.022956526265665918
444.0 0.022964249907773387
445.0 0.022971980728429625
446.0 0.022979719103189706
447.0 0.022987465407608695
448.0 0.022995220017241663
449.0 0.02300298330764367
450.0 0.02301075565436979
451.0 0.023018537432975085
452.0 0.023026329019014625
453.0 0.02303413078804348
454.0 0.023041943115616716
455.0 0.0230497663772894
456.0 0.023057600948616603
457.0 0.023065447205153387
458.0 0.023073305522454825
459.0 0.02308117627607598
460.0 0.02308905984157192
461.0 0.023096956594497717
462.0 0.02310486691040843
463.0 0.023112791164859137
464.0 0.0231207297334049
465.0 0.02312868299160079
466.0 0.02313665131500187
467.0 0.02314463507916321
468.0 0.02315263465963988
469.0 0.02316065043198694
470.0 0.023168682771759465
471.0 0.023176732054512518
472.0 0.023184798655801166
473.0 0.023192882951180483
474.0 0.02320098531620553
475.0 0.023209106126431383
476.0 0.023217245757413102
477.0 0.023225404584705754
478.0 0.02323358298386441
479.0 0.023241781330444133
480.0 0.02325
481.0 0.023258244803991007
482.0 0.023266520723669634
483.0 0.02327482688928116
484.0 0.023283162431070866
485.0 0.02329152647928403
486.0 0.02329991816416593
487.0 0.02330833661596185
488.0 0.023316780964917058
489.0 0.023325250341276846
490.0 0.023333743875286483
491.0 0.02334226069719126
492.0 0.02335079993723644
493.0 0.023359360725667314
494.0 0.02336794219272916
495.0 0.023376543468667254
496.0 0.023385163683726878
497.0 0.023393801968153303
498.0 0.02340245745219182
499.0 0.023411129266087703
500.0 0.023419816540086225
501.0 0.023428518404432677
502.0 0.023437233989372325
503.0 0.023445962425150457
504.0 0.023454702842012353
505.0 0.02346345437020329
506.0 0.023472216139968548
507.0 0.023480987281553397
508.0 0.023489766925203128
509.0 0.023498554201163015
510.0 0.023507348239678337
511.0 0.023516148170994372
512.0 0.023524953125356407
513.0 0.02353376223300971
514.0 0.023542574624199567
515.0 0.023551389429171253
516.0 0.02356020577817005
517.0 0.023569022801441238
518.0 0.02357783962923009
519.0 0.023586655391781897
520.0 0.023595469219341927
521.0 0.023604280242155464
522.0 0.023613087590467784
523.0 0.02362189039452417
524.0 0.0236306877845699
525.0 0.02363947889085025
526.0 0.0236482628436105
527.0 0.023657038773095936
528.0 0.02366580580955183
529.0 0.023674563083223462
530.0 0.023683309724356113
531.0 0.023692044863195056
532.0 0.02370076762998558
533.0 0.02370947715497296
534.0 0.02371817256840247
535.0 0.023726853000519396
536.0 0.023735517581569013
537.0 0.023744165441796604
538.0 0.02375279571144745
539.0 0.023761407520766817
540.0 0.02377
541.0 0.023778601958633665
542.0 0.023787241375159363
543.0 0.023795916133329657
544.0 0.023804624116897127
545.0 0.023813363209614347
546.0 0.02382213129523389
547.0 0.023830926257508336
548.0 0.02383974598019025
549.0 0.023848588347032212
550.0 0.0238574512417868
551.0 0.023866332548206578
552.0 0.02387523015004413
553.0 0.023884141931052025
554.0 0.02389306577498284
555.0 0.023901999565589145
556.0 0.023910941186623517
557.0 0.02391988852183853
558.0 0.023928839454986764
559.0 0.02393779186982078
560.0 0.023946743650093166
561.0 0.023955692679556488
562.0 0.023964636841963323
563.0 0.023973574021066247
564.0 0.02398250210061783
565.0 0.02399141896437065
566.0 0.024000322496077277
567.0 0.024009210579490296
568.0 0.02401808109836226
569.0 0.024026931936445766
570.0 0.024035760977493378
571.0 0.024044566105257674
572.0 0.02405334520349122
573.0 0.024062096155946597
574.0 0.02407081684637638
575.0 0.024079505158533146
576.0 0.02408815897616946
577.0 0.0240967761830379
578.0 0.024105354662891047
579.0 0.024113892299481462
580.0 0.02412238697656173
581.0 0.024130836577884427
582.0 0.024139238987202116
583.0 0.02414759208826738
584.0 0.024155893764832792
585.0 0.024164141900650925
586.0 0.024172334379474355
587.0 0.02418046908505565
588.0 0.024188543901147393
589.0 0.024196556711502157
590.0 0.02420450539987251
591.0 0.024212387850011032
592.0 0.024220201945670292
593.0 0.02422794557060287
594.0 0.02423561660856134
595.0 0.024243212943298273
596.0 0.024250732458566245
597.0 0.02425817303811783
598.0 0.0242655325657056
599.0 0.02427280892508213
600.0 0.02428
601.0 0.024287110114958342
602.0 0.02429414644673228
603.0 0.024301111157488342
604.0 0.024308006409393075
605.0 0.02431483436461301
606.0 0.024321597185314684
607.0 0.024328297033664636
608.0 0.024334936071829405
609.0 0.024341516461975524
610.0 0.02434804036626953
611.0 0.024354509946877965
612.0 0.02436092736596736
613.0 0.024367294785704263
614.0 0.024373614368255202
615.0 0.02437988827578671
616.0 0.024386118670465334
617.0 0.02439230771445761
618.0 0.024398457569930067
619.0 0.024404570399049256
620.0 0.024410648363981696
621.0 0.02441669362689394
622.0 0.024422708349952516
623.0 0.02442869469532397
624.0 0.024434654825174828
625.0 0.02444059090167163
626.0 0.02444650508698092
627.0 0.024452399543269228
628.0 0.0244582764327031
629.0 0.02446413791744906
630.0 0.02446998615967366
631.0 0.024475823321543425
632.0 0.024481651565224898
633.0 0.024487473052884616
634.0 0.02449328994668911
635.0 0.024499104408804928
636.0 0.0245049186013986
637.0 0.024510734686636663
638.0 0.024516554826685657
639.0 0.024522381183712118
640.0 0.024528215919882586
641.0 0.02453406119736359
642.0 0.024539919178321677
643.0 0.024545792024923376
644.0 0.02455168189933523
645.0 0.024557590963723775
646.0 0.024563521380255544
647.0 0.02456947531109708
648.0 0.024575454918414917
649.0 0.02458146236437559
650.0 0.02458749981114564
651.0 0.024593569420891605
652.0 0.02459967335578002
653.0 0.024605813777977423
654.0 0.024611992849650346
655.0 0.024618212732965335
656.0 0.024624475590088922
657.0 0.024630783583187644
658.0 0.02463713887442804
659.0 0.02464354362597665
660.0 0.02465
661.0 0.024656488053304185
662.0 0.024662986448243114
663.0 0.02466949525530504
664.0 0.024676014544978222
665.0 0.024682544387750922
666.0 0.024689084854111403
667.0 0.024695636014547922
668.0 0.02470219793954874
669.0 0.02470877069960212
670.0 0.02471535436519632
671.0 0.024721949006819594
672.0 0.02472855469496021
673.0 0.024735171500106425
674.0 0.0247417994927465
675.0 0.0247484387433687
676.0 0.024755089322461274
677.0 0.024761751300512492
678.0 0.02476842474801061
679.0 0.024775109735443886
680.0 0.02478180633330058
681.0 0.024788514612068966
682.0 0.024795234642237284
683.0 0.024801966494293805
684.0 0.024808710238726786
685.0 0.024815465946024493
686.0 0.024822233686675178
687.0 0.024829013531167107
688.0 0.024835805549988536
689.0 0.02484260981362773
690.0 0.02484942639257294
691.0 0.024856255357312437
692.0 0.024863096778334478
693.0 0.02486995072612732
694.0 0.024876817271179224
695.0 0.024883696483978448
696.0 0.024890588435013263
697.0 0.024897493194771914
698.0 0.02490441083374267
699.0 0.02491134142241379
700.0 0.024918285031273538
701.0 0.024925241730810163
702.0 0.024932211591511936
703.0 0.02493919468386711
704.0 0.024946191078363954
705.0 0.024953200845490717
706.0 0.024960224055735666
707.0 0.024967260779587056
708.0 0.024974311087533153
709.0 0.024981375050062215
710.0 0.02498845273766251
711.0 0.024995544220822282
712.0 0.0250026495700298
713.0 0.025009768855773322
714.0 0.02501690214854111
715.0 0.025024049518821426
716.0 0.02503121103710253
717.0 0.02503838677387268
718.0 0.02504557679962013
719.0 0.02505278118483315
720.0 0.02506
721.0 0.025067224023309794
722.0 0.02507444462147682
723.0 0.025081662747777053
724.0 0.02508887935548648
725.0 0.02509609539788107
726.0 0.025103311828236826
727.0 0.025110529599829713
728.0 0.025117749665935725
729.0 0.025124972979830837
730.0 0.02513220049479104
731.0 0.025139433164092305
732.0 0.025146671941010626
733.0 0.025153917778821977
734.0 0.025161171630802347
735.0 0.025168434450227716
736.0 0.025175707190374066
737.0 0.02518299080451738
738.0 0.025190286245933637
739.0 0.025197594467898824
740.0 0.025204916423688925
741.0 0.02521225306657992
742.0 0.02521960534984779
743.0 0.025226974226768516
744.0 0.025234360650618085
745.0 0.025241765574672483
746.0 0.025249189952207683
747.0 0.025256634736499674
748.0 0.02526410088082444
749.0 0.025271589338457953
750.0 0.025279101062676206
751.0 0.025286637006755184
752.0 0.025294198123970855
753.0 0.02530178536759922
754.0 0.025309399690916244
755.0 0.025317042047197924
756.0 0.025324713389720234
757.0 0.02533241467175916
758.0 0.02534014684659068
759.0 0.025347910867490785
760.0 0.025355707687735447
761.0 0.02536353826060066
762.0 0.025371403539362396
763.0 0.02537930447729664
764.0 0.025387242027679384
765.0 0.025395217143786602
766.0 0.02540323077889427
767.0 0.025411283886278387
768.0 0.025419377419214923
769.0 0.02542751233097986
770.0 0.025435689574849193
771.0 0.025443910104098893
772.0 0.025452174872004952
773.0 0.025460484831843336
774.0 0.025468840936890048
775.0 0.025477244140421056
776.0 0.025485695395712347
777.0 0.025494195656039904
778.0 0.025502745874679714
779.0 0.02551134700490775
780.0 0.02552
781.0 0.025528741113440487
782.0 0.02553760326112276
783.0 0.02554658238993711
784.0 0.02555567444677382
785.0 0.02556487537852318
786.0 0.025574181132075473
787.0 0.02558358765432099
788.0 0.025593090892150012
789.0 0.025602686792452835
790.0 0.025612371302119734
791.0 0.025622140368041
792.0 0.02563198993710692
793.0 0.025641915956207784
794.0 0.02565191437223387
795.0 0.025661981132075472
796.0 0.025672112182622876
797.0 0.025682303470766367
798.0 0.025692550943396227
799.0 0.02570285054740275
800.0 0.02571319822967622
801.0 0.02572358993710692
802.0 0.02573402161658514
803.0 0.02574448921500117
804.0 0.025754988679245285
805.0 0.025765515956207782
806.0 0.025776066992778943
807.0 0.02578663773584906
808.0 0.025797224132308408
809.0 0.02580782212904729
810.0 0.025818427672955977
811.0 0.025829036710924763
812.0 0.025839645189843934
813.0 0.025850249056603776
814.0 0.02586084425809457
815.0 0.02587142674120662
816.0 0.025881992452830186
817.0 0.02589253733985558
818.0 0.025903057349173073
819.0 0.025913548427672958
820.0 0.025924006522245517
821.0 0.02593442757978104
822.0 0.02594480754716981
823.0 0.025955142371302125
824.0 0.02596542799906825
825.0 0.025975660377358493
826.0 0.025985835453063127
827.0 0.025995949173072443
828.0 0.026005997484276733
829.0 0.02601597633356627
830.0 0.026025881667831353
831.0 0.026035709433962266
832.0 0.02604545557884929
833.0 0.02605511604938272
834.0 0.02606468679245283
835.0 0.02607416375494992
836.0 0.026083542883764268
837.0 0.026092820125786165
838.0 0.026101991427905893
839.0 0.026111052737013744
840.0 0.02612
841.0 0.02612889621728395
842.0 0.026137805590123457
843.0 0.02614672586666667
844.0 0.02615565479506173
845.0 0.02616459012345679
846.0 0.0261735296
847.0 0.026182470972839506
848.0 0.02619141199012346
849.0 0.026200350400000003
850.0 0.026209283950617283
851.0 0.026218210390123457
852.0 0.026227127466666666
853.0 0.02623603292839506
854.0 0.02624492452345679
855.0 0.0262538
856.0 0.02626265710617284
857.0 0.02627149359012346
858.0 0.026280307200000002
859.0 0.026289095683950617
860.0 0.026297856790123458
861.0 0.026306588266666663
862.0 0.026315287861728397
863.0 0.02632395332345679
864.0 0.0263325824
865.0 0.026341172839506172
866.0 0.026349722390123457
867.0 0.0263582288
868.0 0.02636668981728395
869.0 0.026375103190123456
870.0 0.026383466666666664
871.0 0.026391777995061726
872.0 0.02640003492345679
873.0 0.026408235199999998
874.0 0.026416376572839503
875.0 0.026424456790123455
876.0 0.0264324736
877.0 0.02644042475061728
878.0 0.026448307990123453
879.0 0.026456121066666664
880.0 0.026463861728395058
881.0 0.026471527723456793
882.0 0.0264791168
883.0 0.026486626706172838
884.0 0.026494055190123454
885.0 0.026501399999999998
886.0 0.026508658883950615
887.0 0.026515829590123455
888.0 0.026522909866666666
889.0 0.026529897461728392
890.0 0.026536790123456784
891.0 0.0265435856
892.0 0.02655028163950617
893.0 0.026556875990123456
894.0 0.0265633664
895.0 0.02656975061728395
896.0 0.026576026390123457
897.0 0.026582191466666665
898.0 0.026588243595061727
899.0 0.02659418052345679
900.0 0.0266
901.0 0.0266056999125
902.0 0.0266112823
903.0 0.0266167511375
904.0 0.0266221104
905.0 0.0266273640625
906.0 0.026632516099999996
907.0 0.026637570487499998
908.0 0.0266425312
909.0 0.026647402212499997
910.0 0.0266521875
911.0 0.0266568910375
912.0 0.026661516799999996
913.0 0.0266660687625
914.0 0.0266705509
915.0 0.0266749671875
916.0 0.0266793216
917.0 0.0266836181125
918.0 0.0266878607
919.0 0.026692053337499997
920.0 0.0266962
921.0 0.0267003046625
922.0 0.026704371299999998
923.0 0.026708403887500003
924.0 0.0267124064
925.0 0.0267163828125
926.0 0.0267203371
927.0 0.0267242732375
928.0 0.0267281952
929.0 0.0267321069625
930.0 0.0267360125
931.0 0.0267399157875
932.0 0.026743820800000002
933.0 0.026747731512500005
934.0 0.026751651900000003
935.0 0.0267555859375
936.0 0.0267595376
937.0 0.0267635108625
938.0 0.0267675097
939.0 0.0267715380875
940.0 0.0267756
941.0 0.0267796994125
942.0 0.0267838403
943.0 0.0267880266375
944.0 0.0267922624
945.0 0.0267965515625
946.0 0.026800898099999998
947.0 0.0268053059875
948.0 0.0268097792
949.0 0.026814321712500002
950.0 0.026818937499999997
951.0 0.0268236305375
952.0 0.0268284048
953.0 0.026833264262500003
954.0 0.026838212900000002
955.0 0.026843254687500002
956.0 0.026848393600000003
957.0 0.026853633612499997
958.0 0.0268589787
959.0 0.0268644328375
960.0 0.02687
961.0 0.026875668425707544
962.0 0.026881422877358493
963.0 0.026887262116745282
964.0 0.02689318490566038
965.0 0.026899190005896228
966.0 0.026905276179245284
967.0 0.026911442187500002
968.0 0.026917686792452832
969.0 0.026924008755896223
970.0 0.026930406839622646
971.0 0.02693687980542453
972.0 0.026943426415094344
973.0 0.026950045430424528
974.0 0.026956735613207546
975.0 0.026963495725235855
976.0 0.02697032452830189
977.0 0.026977220784198116
978.0 0.026984183254716982
979.0 0.026991210701650944
980.0 0.026998301886792458
981.0 0.027005455571933963
982.0 0.02701267051886793
983.0 0.027019945489386795
984.0 0.027027279245283017
985.0 0.027034670548349057
986.0 0.027042118160377358
987.0 0.027049620843160378
988.0 0.02705717735849057
989.0 0.02706478646816038
990.0 0.027072446933962265
991.0 0.02708015751768868
992.0 0.027087916981132075
993.0 0.027095724086084908
994.0 0.027103577594339623
995.0 0.02711147626768868
996.0 0.02711941886792453
997.0 0.027127404156839625
998.0 0.027135430896226418
999.0 0.02714349784787736
1000.0 0.027151603773584908
1001.0 0.02715974743514151
1002.0 0.027167927594339624
1003.0 0.0271761430129717
1004.0 0.02718439245283019
1005.0 0.027192674675707545
1006.0 0.02720098844339623
1007.0 0.02720933251768868
1008.0 0.027217705660377362
1009.0 0.027226106633254716
1010.0 0.027234534198113204
1011.0 0.027242987116745283
1012.0 0.027251464150943396
1013.0 0.027259964062500003
1014.0 0.02726848561320755
1015.0 0.02727702756485849
1016.0 0.027285588679245285
1017.0 0.027294167718160376
1018.0 0.02730276344339623
1019.0 0.027311374616745283
1020.0 0.02732
1021.0 0.027328732433835885
1022.0 0.027337660514444594
1023.0 0.027346776636892816
1024.0 0.027356073196247232
1025.0 0.02736554258757453
1026.0 0.02737517720594139
1027.0 0.0273849694464145
1028.0 0.027394911704060543
1029.0 0.027404996373946208
1030.0 0.027415215851138174
1031.0 0.027425562530703124
1032.0 0.02743602880770775
1033.0 0.02744660707721873
1034.0 0.02745728973430275
1035.0 0.027468069174026496
1036.0 0.027478937791456652
1037.0 0.027489887981659904
1038.0 0.027500912139702932
1039.0 0.027512002660652426
1040.0 0.027523151939575063
1041.0 0.027534352371537535
1042.0 0.027545596351606524
1043.0 0.027556876274848714
1044.0 0.02756818453633079
1045.0 0.02757951353111944
1046.0 0.027590855654281335
1047.0 0.02760220330088318
1048.0 0.027613548865991645
1049.0 0.02762488474467342
1050.0 0.027636203331995183
1051.0 0.027647497023023628
1052.0 0.02765875821282543
1053.0 0.027669979296467282
1054.0 0.027681152669015864
1055.0 0.027692270725537864
1056.0 0.02770332586109996
1057.0 0.027714310470768843
1058.0 0.027725216949611192
1059.0 0.0277360376926937
1060.0 0.02774676509508304
1061.0 0.027757391551845905
1062.0 0.027767909458048974
1063.0 0.02777831120875894
1064.0 0.02778858919904248
1065.0 0.02779873582396628
1066.0 0.02780874347859702
1067.0 0.027818604558001395
1068.0 0.027828311457246083
1069.0 0.027837856571397774
1070.0 0.02784723229552314
1071.0 0.02785643102468888
1072.0 0.02786544515396167
1073.0 0.027874267078408198
1074.0 0.02788288919309514
1075.0 0.027891303893089196
1076.0 0.027899503573457038
1077.0 0.027907480629265357
1078.0 0.02791522745558083
1079.0 0.027922736447470155
1080.0 0.02793
1081.0 0.027937054709919428
1082.0 0.027943946059728855
1083.0 0.027950679773122013
1084.0 0.02795726157379264
1085.0 0.027963697185434455
1086.0 0.027969992331741206
1087.0 0.027976152736406624
1088.0 0.027982184123124424
1089.0 0.027988092215588366
1090.0 0.02799388273749216
1091.0 0.02799956141252955
1092.0 0.02800513396439427
1093.0 0.028010606116780044
1094.0 0.028015983593380613
1095.0 0.02802127211788971
1096.0 0.02802647741400106
1097.0 0.028031605205408403
1098.0 0.02803666121580547
1099.0 0.028041651168885993
1100.0 0.028046580788343704
1101.0 0.02805145579787234
1102.0 0.02805628192116563
1103.0 0.028061064881917303
1104.0 0.028065810403821098
1105.0 0.02807052421057075
1106.0 0.02807521202585999
1107.0 0.028079879573382545
1108.0 0.02808453257683215
1109.0 0.028089176759902544
1110.0 0.02809381784628745
1111.0 0.02809846155968061
1112.0 0.028103113623775752
1113.0 0.028107779762266607
1114.0 0.028112465698846914
1115.0 0.028117177157210405
1116.0 0.028121919861050802
1117.0 0.028126699534061855
1118.0 0.028131521899937284
1119.0 0.02813639268237082
1120.0 0.02814131760505621
1121.0 0.028146302391687167
1122.0 0.028151352765957448
1123.0 0.028156474451560765
1124.0 0.02816167317219086
1125.0 0.028166954651541468
1126.0 0.028172324613306318
1127.0 0.028177788781179137
1128.0 0.02818335287885367
1129.0 0.028189022630023642
1130.0 0.028194803758382785
1131.0 0.028200701987624838
1132.0 0.02820672304144353
1133.0 0.02821287264353259
1134.0 0.02821915651758576
1135.0 0.028225580387296768
1136.0 0.02823214997635934
1137.0 0.02823887100846722
1138.0 0.028245749207314128
1139.0 0.028252790296593812
1140.0 0.02826
1141.0 0.028267478261377654
1142.0 0.02827531284361698
1143.0 0.02828349119897959
1144.0 0.028292000779727097
1145.0 0.028300829038121096
1146.0 0.028309963426423206
1147.0 0.028319391396895013
1148.0 0.028329100401798146
1149.0 0.028339077893394196
1150.0 0.028349311323944783
1151.0 0.028359788145711502
1152.0 0.02837049581095596
1153.0 0.028381421771939773
1154.0 0.028392553480924534
1155.0 0.028403878390171857
1156.0 0.028415383951943353
1157.0 0.028427057618500617
1158.0 0.028438886842105267
1159.0 0.028450859075018896
1160.0 0.028462961769503123
1161.0 0.028475182377819548
1162.0 0.02848750835222978
1163.0 0.028499927144995427
1164.0 0.028512426208378086
1165.0 0.02852499299463938
1166.0 0.028537614956040895
1167.0 0.028550279544844254
1168.0 0.028562974213311058
1169.0 0.028575686413702908
1170.0 0.02858840359828142
1171.0 0.02860111321930819
1172.0 0.028613802729044836
1173.0 0.028626459579752957
1174.0 0.028639071223694156
1175.0 0.02865162511313005
1176.0 0.028664108700322235
1177.0 0.028676509437532322
1178.0 0.028688814777021922
1179.0 0.028701012171052632
1180.0 0.028713089071886067
1181.0 0.028725032931783825
1182.0 0.028736831203007518
1183.0 0.028748471337818757
1184.0 0.028759940788479134
1185.0 0.02877122700725027
1186.0 0.028782317446393764
1187.0 0.028793199558171223
1188.0 0.028803860794844253
1189.0 0.028814288608674465
1190.0 0.028824470451923462
1191.0 0.02883439377685285
1192.0 0.028844046035724234
1193.0 0.02885341468079922
1194.0 0.028862487164339423
1195.0 0.02887125093860644
1196.0 0.028879693455861877
1197.0 0.02888780216836735
1198.0 0.028895564528384453
1199.0 0.028902967988174804
1200.0 0.02891
1201.0 0.02891676950710109
1202.0 0.028923396658312447
1203.0 0.028929885714285716
1204.0 0.028936240935672514
1205.0 0.02894246658312448
1206.0 0.028948566917293236
1207.0 0.028954546198830408
1208.0 0.02896040868838764
1209.0 0.02896615864661654
1210.0 0.028971800334168758
1211.0 0.02897733801169591
1212.0 0.028982775939849624
1213.0 0.02898811837928154
1214.0 0.028993369590643275
1215.0 0.02899853383458647
1216.0 0.029003615371762742
1217.0 0.029008618462823727
1218.0 0.02901354736842105
1219.0 0.029018406349206348
1220.0 0.029023199665831244
1221.0 0.02902793157894737
1222.0 0.02903260634920635
1223.0 0.029037228237259818
1224.0 0.029041801503759398
1225.0 0.029046330409356728
1226.0 0.029050819214703427
1227.0 0.02905527218045113
1228.0 0.029059693567251462
1229.0 0.029064087635756054
1230.0 0.029068458646616543
1231.0 0.029072810860484546
1232.0 0.029077148538011695
1233.0 0.029081475939849624
1234.0 0.029085797326649957
1235.0 0.029090116959064327
1236.0 0.029094439097744364
1237.0 0.02909876800334169
1238.0 0.029103107936507937
1239.0 0.029107463157894736
1240.0 0.02911183792815372
1241.0 0.029116236507936512
1242.0 0.029120663157894737
1243.0 0.029125122138680033
1244.0 0.029129617710944026
1245.0 0.029134154135338347
1246.0 0.029138735672514623
1247.0 0.02914336658312448
1248.0 0.02914805112781955
1249.0 0.02915279356725146
1250.0 0.02915759816207185
1251.0 0.02916246917293233
1252.0 0.029167410860484543
1253.0 0.02917242748538012
1254.0 0.029177523308270673
1255.0 0.029182702589807853
1256.0 0.02918796959064328
1257.0 0.029193328571428572
1258.0 0.02919878379281537
1259.0 0.029204339515455306
1260.0 0.02921
1261.0 0.029215717440721146
1262.0 0.029221442053693907
1263.0 0.029227175132275133
1264.0 0.029232917969821675
1265.0 0.02923867185969038
1266.0 0.029244438095238096
1267.0 0.029250217969821673
1268.0 0.02925601277679796
1269.0 0.02926182380952381
1270.0 0.029267652361356065
1271.0 0.02927349972565158
1272.0 0.029279367195767195
1273.0 0.02928525606505977
1274.0 0.029291167626886147
1275.0 0.029297103174603174
1276.0 0.029303064001567704
1277.0 0.02930905140113659
1278.0 0.02931506666666667
1279.0 0.029321111091514796
1280.0 0.02932718596903782
1281.0 0.029333292592592593
1282.0 0.02933943225553596
1283.0 0.02934560625122477
1284.0 0.02935181587301587
1285.0 0.02935806241426612
1286.0 0.029364347168332354
1287.0 0.02937067142857143
1288.0 0.029377036488340193
1289.0 0.029383443640995495
1290.0 0.029389894179894183
1291.0 0.0293963893983931
1292.0 0.029402930589849108
1293.0 0.029409519047619046
1294.0 0.02941615606505977
1295.0 0.02942284293552812
1296.0 0.029429580952380952
1297.0 0.02943637140897511
1298.0 0.02944321559866745
1299.0 0.029450114814814816
1300.0 0.029457070350774054
1301.0 0.029464083499902018
1302.0 0.02947115555555556
1303.0 0.029478287811091516
1304.0 0.02948548155986674
1305.0 0.029492738095238096
1306.0 0.029500058710562414
1307.0 0.029507444699196552
1308.0 0.029514897354497353
1309.0 0.029522417969821673
1310.0 0.029530007838526356
1311.0 0.029537668253968256
1312.0 0.029545400509504213
1313.0 0.029553205898491086
1314.0 0.029561085714285715
1315.0 0.029569041250244954
1316.0 0.029577073799725656
1317.0 0.029585184656084656
1318.0 0.029593375112678816
1319.0 0.02960164646286498
1320.0 0.02961
1321.0 0.02961858712208505
1322.0 0.029627548663923184
1323.0 0.029636870074074076
1324.0 0.029646536801097398
1325.0 0.029656534293552816
1326.0 0.029666848000000003
1327.0 0.029677463368998628
1328.0 0.029688365849108368
1329.0 0.02969954088888889
1330.0 0.029710973936899865
1331.0 0.02972265044170096
1332.0 0.029734555851851856
1333.0 0.02974667561591221
1334.0 0.0297589951824417
1335.0 0.029771500000000003
1336.0 0.029784175517146776
1337.0 0.0297970071824417
1338.0 0.029809980444444446
1339.0 0.029823080751714682
1340.0 0.029836293552812074
1341.0 0.0298496042962963
1342.0 0.02986299843072702
1343.0 0.029876461404663924
1344.0 0.029889978666666667
1345.0 0.02990353566529493
1346.0 0.02991711784910837
1347.0 0.02993071066666667
1348.0 0.029944299566529494
1349.0 0.029957869997256515
1350.0 0.02997140740740741
1351.0 0.02998489724554184
1352.0 0.02999832496021948
1353.0 0.030011676
1354.0 0.030024935813443076
1355.0 0.030038089849108367
1356.0 0.030051123555555555
1357.0 0.03006402238134431
1358.0 0.030076771775034296
1359.0 0.030089357185185187
1360.0 0.030101764060356653
1361.0 0.03011397784910837
1362.0 0.030125984
1363.0 0.030137767961591226
1364.0 0.030149315182441704
1365.0 0.030160611111111114
1366.0 0.030171641196159123
1367.0 0.030182390886145403
1368.0 0.03019284562962963
1369.0 0.03020299087517147
1370.0 0.030212812071330593
1371.0 0.03022229466666667
1372.0 0.03023142410973937
1373.0 0.03024018584910837
1374.0 0.030248565333333335
1375.0 0.030256548010973935
1376.0 0.030264119330589853
1377.0 0.030271264740740746
1378.0 0.030277969689986285
1379.0 0.030284219626886145
1380.0 0.03029
1381.0 0.030295457019502595
1382.0 0.03030075015494722
1383.0 0.030305884743961353
1384.0 0.030310866124172484
1385.0 0.030315699633208088
1386.0 0.030320390608695652
1387.0 0.03032494438826266
1388.0 0.030329366309536587
1389.0 0.030333661710144927
1390.0 0.030337835927715155
1391.0 0.030341894299874755
1392.0 0.03034584216425121
1393.0 0.030349684858471997
1394.0 0.03035342772016461
1395.0 0.030357076086956522
1396.0 0.03036063529647522
1397.0 0.030364110686348186
1398.0 0.0303675075942029
1399.0 0.030370831357666845
1400.0 0.030374087314367505
1401.0 0.030377280801932367
1402.0 0.030380417157988907
1403.0 0.030383501720164612
1404.0 0.030386539826086956
1405.0 0.030389536813383432
1406.0 0.030392498019681517
1407.0 0.030395428782608695
1408.0 0.03039833443979245
1409.0 0.03040122032886026
1410.0 0.03040409178743961
1411.0 0.03040695415315799
1412.0 0.030409812763642873
1413.0 0.03041267295652174
1414.0 0.030415540069422077
1415.0 0.03041841943997137
1416.0 0.0304213164057971
1417.0 0.030424236304526748
1418.0 0.0304271844737878
1419.0 0.03043016625120773
1420.0 0.030433186974414026
1421.0 0.030436251981034175
1422.0 0.030439366608695652
1423.0 0.030442536195025946
1424.0 0.03044576607765253
1425.0 0.030449061594202898
1426.0 0.030452428082304524
1427.0 0.030455870879584897
1428.0 0.030459395323671496
1429.0 0.030463006752191806
1430.0 0.030466710502773303
1431.0 0.030470511913043476
1432.0 0.030474416320629808
1433.0 0.03047842906315978
1434.0 0.030482555478260873
1435.0 0.03048680090356056
1436.0 0.030491170676686347
1437.0 0.0304956701352657
1438.0 0.030500304616926103
1439.0 0.030505079459295044
1440.0 0.03051
1441.0 0.030515100928469333
1442.0 0.0305204094125504
1443.0 0.030525919507499152
1444.0 0.03053162526857157
1445.0 0.030537520751023603
1446.0 0.03054360001011122
1447.0 0.030549857101090386
1448.0 0.030556286079217065
1449.0 0.030562880999747216
1450.0 0.03056963591793681
1451.0 0.030576544889041803
1452.0 0.030583601968318164
1453.0 0.030590801211021857
1454.0 0.03059813667240884
1455.0 0.030605602407735084
1456.0 0.030613192472256547
1457.0 0.0306209009212292
1458.0 0.030628721809908995
1459.0 0.03063664919355191
1460.0 0.030644677127413898
1461.0 0.030652799666750927
1462.0 0.030661010866818956
1463.0 0.030669304782873955
1464.0 0.030677675470171892
1465.0 0.030686116983968715
1466.0 0.030694623379520402
1467.0 0.03070318871208291
1468.0 0.03071180703691221
1469.0 0.03072047240926425
1470.0 0.03072917888439501
1471.0 0.030737920517560448
1472.0 0.03074669136401653
1473.0 0.030755485479019212
1474.0 0.030764296917824466
1475.0 0.03077311973568825
1476.0 0.03078194798786653
1477.0 0.030790775729615274
1478.0 0.03079959701619044
1479.0 0.030808405902847995
1480.0 0.0308171964448439
1481.0 0.030825962697434123
1482.0 0.03083469871587462
1483.0 0.030843398555421363
1484.0 0.03085205627133031
1485.0 0.030860665918857434
1486.0 0.030869221553258684
1487.0 0.030877717229790033
1488.0 0.03088614700370745
1489.0 0.030894504930266884
1490.0 0.03090278506472431
1491.0 0.03091098146233569
1492.0 0.03091908817835699
1493.0 0.030927099268044163
1494.0 0.030935008786653187
1495.0 0.030942810789440015
1496.0 0.030950499331660615
1497.0 0.030958068468570948
1498.0 0.03096551225542698
1499.0 0.030972824747484678
1500.0 0.03098
1501.0 0.03098708071860944
1502.0 0.030994114511436504
1503.0 0.031001102787467705
1504.0 0.03100804695568954
1505.0 0.031014948425088527
1506.0 0.031021808604651164
1507.0 0.03102862890336396
1508.0 0.031035410730213417
1509.0 0.031042155494186048
1510.0 0.031048864604268353
1511.0 0.03105553946944684
1512.0 0.03106218149870801
1513.0 0.031068792101038377
1514.0 0.03107537268542444
1515.0 0.031081924660852717
1516.0 0.031088449436309694
1517.0 0.031094948420781896
1518.0 0.031101423023255817
1519.0 0.03110787465271796
1520.0 0.031114304718154847
1521.0 0.031120714628552974
1522.0 0.031127105792898842
1523.0 0.031133479620178966
1524.0 0.031139837519379848
1525.0 0.031146180899487994
1526.0 0.031152511169489906
1527.0 0.03115882973837209
1528.0 0.031165138015121066
1529.0 0.031171437408723326
1530.0 0.031177729328165378
1531.0 0.031184015182433727
1532.0 0.031190296380514883
1533.0 0.031196574331395353
1534.0 0.031202850444061632
1535.0 0.03120912612750024
1536.0 0.031215402790697674
1537.0 0.031221681842640445
1538.0 0.031227964692315056
1539.0 0.03123425274870801
1540.0 0.031240547420805818
1541.0 0.031246850117594985
1542.0 0.031253162248062016
1543.0 0.031259485221193414
1544.0 0.031265820445975694
1545.0 0.03127216933139535
1546.0 0.0312785332864389
1547.0 0.03128491372009284
1548.0 0.03129131204134367
1549.0 0.03129772965917792
1550.0 0.031304167982582065
1551.0 0.031310628420542636
1552.0 0.03131711238204614
1553.0 0.03132362127607905
1554.0 0.03133015651162791
1555.0 0.0313367194976792
1556.0 0.03134331164321945
1557.0 0.03134993435723514
1558.0 0.0313565890487128
1559.0 0.03136327712663891
1560.0 0.03137
1561.0 0.031376752108802565
1562.0 0.03138352647596106
1563.0 0.031390322384823845
1564.0 0.031397139118739335
1565.0 0.03140397596105591
1566.0 0.03141083219512196
1567.0 0.03141770710428586
1568.0 0.03142459997189601
1569.0 0.031431510081300816
1570.0 0.03143843671584864
1571.0 0.03144537915888789
1572.0 0.03145233669376694
1573.0 0.03145930860383419
1574.0 0.03146629417243802
1575.0 0.03147329268292684
1576.0 0.031480303418649005
1577.0 0.031487325662952925
1578.0 0.03149435869918699
1579.0 0.03150140181069959
1580.0 0.03150845428083911
1581.0 0.03151551539295393
1582.0 0.03152258443039246
1583.0 0.03152966067650306
1584.0 0.031536743414634145
1585.0 0.0315438319281341
1586.0 0.031550925500351296
1587.0 0.031558023414634144
1588.0 0.031565124954331024
1589.0 0.03157222940279033
1590.0 0.03157933604336043
1591.0 0.031586444159389736
1592.0 0.03159355303422664
1593.0 0.03160066195121951
1594.0 0.03160777019371676
1595.0 0.03161487704506675
1596.0 0.03162198178861789
1597.0 0.03162908370771856
1598.0 0.03163618208571715
1599.0 0.031643276205962065
1600.0 0.031650365351801664
1601.0 0.03165744880658436
1602.0 0.03166452585365853
1603.0 0.03167159577637258
1604.0 0.03167865785807488
1605.0 0.031685711382113825
1606.0 0.03169275563183779
1607.0 0.0316997898905952
1608.0 0.03170681344173442
1609.0 0.031713825568603825
1610.0 0.03172082555455184
1611.0 0.03172781268292682
1612.0 0.031734786237077185
1613.0 0.0317417455003513
1614.0 0.031748689756097556
1615.0 0.031755618287664364
1616.0 0.03176253037840008
1617.0 0.03176942531165312
1618.0 0.03177630237077185
1619.0 0.031783160839104686
1620.0 0.03179
1621.0 0.031796819944275745
1622.0 0.031803621688923714
1623.0 0.031810405906553034
1624.0 0.03181717326977286
1625.0 0.0318239244511923
1626.0 0.031830660123420514
1627.0 0.031837380959066616
1628.0 0.03184408763073976
1629.0 0.03185078081104907
1630.0 0.03185746117260369
1631.0 0.03186412938801276
1632.0 0.0318707861298854
1633.0 0.03187743207083075
1634.0 0.03188406788345795
1635.0 0.03189069424037614
1636.0 0.031897311814194446
1637.0 0.031903921277522014
1638.0 0.03191052330296797
1639.0 0.03191711856314145
1640.0 0.03192370773065161
1641.0 0.03193029147810755
1642.0 0.03193687047811844
1643.0 0.031943445403293386
1644.0 0.03195001692624155
1645.0 0.03195658571957206
1646.0 0.03196315245589404
1647.0 0.031969717807816635
1648.0 0.03197628244794898
1649.0 0.031982847048900205
1650.0 0.03198941228327946
1651.0 0.03199597882369587
1652.0 0.032002547342758564
1653.0 0.032009118513076695
1654.0 0.03201569300725939
1655.0 0.03202227149791578
1656.0 0.03202885465765501
1657.0 0.03203544315908621
1658.0 0.032042037674818516
1659.0 0.032048638877461066
1660.0 0.03205524743962299
1661.0 0.03206186403391344
1662.0 0.03206848933294153
1663.0 0.0320751240093164
1664.0 0.03208176873564719
1665.0 0.03208842418454306
1666.0 0.0320950910286131
1667.0 0.03210176994046648
1668.0 0.032108461592712315
1669.0 0.032115166657959764
1670.0 0.03212188580881793
1671.0 0.03212861971789598
1672.0 0.03213536905780303
1673.0 0.03214213450114823
1674.0 0.0321489167205407
1675.0 0.032155716388589585
1676.0 0.03216253417790403
1677.0 0.03216937076109315
1678.0 0.0321762268107661
1679.0 0.032183102999532004
1680.0 0.03219
1681.0 0.0321969135237034
1682.0 0.03220383872692792
1683.0 0.03221077544941128
1684.0 0.032217723530891244
1685.0 0.032224682811105534
1686.0 0.0322316531297919
1687.0 0.03223863432668807
1688.0 0.03224562624153179
1689.0 0.032252628714060795
1690.0 0.03225964158401282
1691.0 0.032266664691125616
1692.0 0.03227369787513691
1693.0 0.032280740975784455
1694.0 0.03228779383280597
1695.0 0.032294856285939214
1696.0 0.03230192817492192
1697.0 0.03230900933949181
1698.0 0.03231609961938664
1699.0 0.032323198854344155
1700.0 0.03233030688410207
1701.0 0.03233742354839814
1702.0 0.03234454868697011
1703.0 0.03235168213955571
1704.0 0.03235882374589267
1705.0 0.03236597334571874
1706.0 0.03237313077877166
1707.0 0.03238029588478916
1708.0 0.032387468503508994
1709.0 0.03239464847466888
1710.0 0.032401835638006575
1711.0 0.03240902983325981
1712.0 0.03241623090016632
1713.0 0.03242343867846386
1714.0 0.03243065300789015
1715.0 0.03243787372818294
1716.0 0.032445100679079956
1717.0 0.032452333700318955
1718.0 0.032459572631637665
1719.0 0.03246681731277382
1720.0 0.03247406758346518
1721.0 0.03248132328344946
1722.0 0.032488584252464404
1723.0 0.032495850330247766
1724.0 0.03250312135653727
1725.0 0.03251039717107065
1726.0 0.032517677613585656
1727.0 0.032524962523820033
1728.0 0.0325322517415115
1729.0 0.03253954510639782
1730.0 0.032546842458216714
1731.0 0.032554143636705925
1732.0 0.03256144848160318
1733.0 0.03256875683264624
1734.0 0.03257606852957284
1735.0 0.032583383412120706
1736.0 0.03259070132002759
1737.0 0.03259802209303122
1738.0 0.03260534557086934
1739.0 0.032612671593279685
1740.0 0.03262
1741.0 0.03262734554639011
1742.0 0.032634722202446155
1743.0 0.03264212862986036
1744.0 0.03264956349032494
1745.0 0.03265702544553213
1746.0 0.032664513157174155
1747.0 0.032672025286943226
1748.0 0.03267956049653159
1749.0 0.03268711744763144
1750.0 0.03269469480193502
1751.0 0.03270229122113454
1752.0 0.03270990536692223
1753.0 0.03271753590099033
1754.0 0.032725181485031035
1755.0 0.032732840780736586
1756.0 0.032740512449799204
1757.0 0.0327481951539111
1758.0 0.03275588755476451
1759.0 0.03276358831405166
1760.0 0.03277129609346477
1761.0 0.03277900955469606
1762.0 0.03278672735943776
1763.0 0.032794448169382075
1764.0 0.03280217064622125
1765.0 0.0328098934516475
1766.0 0.03281761524735305
1767.0 0.03282533469503012
1768.0 0.032833050456370944
1769.0 0.03284076119306773
1770.0 0.03284846556681271
1771.0 0.03285616223929811
1772.0 0.03286384987221614
1773.0 0.03287152712725904
1774.0 0.03287919266611902
1775.0 0.03288684515048832
1776.0 0.03289448324205915
1777.0 0.03290210560252373
1778.0 0.03290971089357429
1779.0 0.03291729777690307
1780.0 0.03292486491420226
1781.0 0.03293241096716411
1782.0 0.03293993459748084
1783.0 0.03294743446684465
1784.0 0.03295490923694779
1785.0 0.03296235756948247
1786.0 0.03296977812614093
1787.0 0.03297716956861538
1788.0 0.032984530558598034
1789.0 0.03299185975778112
1790.0 0.03299915582785689
1791.0 0.03300641743051753
1792.0 0.03301364322745528
1793.0 0.03302083188036236
1794.0 0.033027982050931
1795.0 0.033035092400853415
1796.0 0.033042161591821835
1797.0 0.033049188285528476
1798.0 0.03305617114366557
1799.0 0.03306310882792534
1800.0 0.03307
