0.0 28.0
1.0 28.007687674745213
2.0 28.015417221973653
3.0 28.023188426174496
4.0 28.031001071836936
5.0 28.038854943450165
6.0 28.046749825503355
7.0 28.054685502485707
8.0 28.062661758886403
9.0 28.07067837919463
10.0 28.07873514789958
11.0 28.08683184949043
12.0 28.094968268456373
13.0 28.103144189286603
14.0 28.111359396470295
15.0 28.119613674496645
16.0 28.127906807854835
17.0 28.136238581034053
18.0 28.144608778523487
19.0 28.15301718481233
20.0 28.161463584389757
21.0 28.169947761744965
22.0 28.17846950136714
23.0 28.187028587745463
24.0 28.195624805369125
25.0 28.20425793872732
26.0 28.21292777230922
27.0 28.221634090604024
28.0 28.23037667810092
29.0 28.239155319289086
30.0 28.247969798657717
31.0 28.256819900695998
32.0 28.265705409893112
33.0 28.274626110738257
34.0 28.283581787720607
35.0 28.292572225329355
36.0 28.30159720805369
37.0 28.310656520382796
38.0 28.319749946805864
39.0 28.32887727181208
40.0 28.33803827989063
41.0 28.347232755530698
42.0 28.35646048322148
43.0 28.365721247452147
44.0 28.375014832711905
45.0 28.38434102348993
46.0 28.393699604275415
47.0 28.40309035955754
48.0 28.412513073825505
49.0 28.42196753156848
50.0 28.431453517275667
51.0 28.44097081543624
52.0 28.450519210539394
53.0 28.460098487074323
54.0 28.4697084295302
55.0 28.47934882239622
56.0 28.48901945016157
57.0 28.498720097315434
58.0 28.508450548347003
59.0 28.518210587745465
60.0 28.528
61.0 28.537872750009242
62.0 28.54787971385984
63.0 28.558016042822967
64.0 28.56827688816984
65.0 28.578657401171633
66.0 28.589152733099557
67.0 28.59975803522479
68.0 28.610468458818538
69.0 28.621279155151992
70.0 28.632185275496347
71.0 28.64318197112279
72.0 28.654264393302523
73.0 28.66542769330674
74.0 28.67666702240663
75.0 28.687977531873386
76.0 28.699354372978213
77.0 28.710792696992293
78.0 28.722287655186825
79.0 28.733834398833004
80.0 28.745428079202025
81.0 28.757063847565078
82.0 28.768736855193364
83.0 28.780442253358068
84.0 28.79217519333039
85.0 28.80393082638152
86.0 28.815704303782663
87.0 28.827490776804996
88.0 28.839285396719728
89.0 28.851083314798043
90.0 28.862879682311142
91.0 28.874669650530212
92.0 28.886448370726455
93.0 28.89821099417106
94.0 28.909952672135223
95.0 28.921668555890136
96.0 28.933353796706996
97.0 28.945003545857
98.0 28.956612954611327
99.0 28.968177174241195
100.0 28.979691356017774
101.0 28.991150651212276
102.0 29.002550211095887
103.0 29.013885186939802
104.0 29.025150730015216
105.0 29.03634199159332
106.0 29.04745412294531
107.0 29.05848227534239
108.0 29.069421600055733
109.0 29.080267248356552
110.0 29.09101437151603
111.0 29.101658120805368
112.0 29.112193647495758
113.0 29.12261610285839
114.0 29.132920638164464
115.0 29.14310240468517
116.0 29.153156553691705
117.0 29.163078236455263
118.0 29.172862604247033
119.0 29.182504808338216
120.0 29.192
121.0 29.201401845713416
122.0 29.210767101326983
123.0 29.220095552163144
124.0 29.229386983544337
125.0 29.238641180793007
126.0 29.247857929231586
127.0 29.25703701418253
128.0 29.266178220968268
129.0 29.275281334911245
130.0 29.284346141333895
131.0 29.293372425558672
132.0 29.302359972908008
133.0 29.311308568704344
134.0 29.32021799827012
135.0 29.329088046927787
136.0 29.33791849999977
137.0 29.346709142808525
138.0 29.35545976067648
139.0 29.364170138926085
140.0 29.372840062879778
141.0 29.381469317859995
142.0 29.390057689189184
143.0 29.398604962189783
144.0 29.40711092218423
145.0 29.41557535449497
146.0 29.423998044444446
147.0 29.43237877735509
148.0 29.44071733854935
149.0 29.449013513349666
150.0 29.45726708707848
151.0 29.465477845058228
152.0 29.473645572611357
153.0 29.4817700550603
154.0 29.489851077727504
155.0 29.497888425935404
156.0 29.50588188500645
157.0 29.513831240263077
158.0 29.521736277027728
159.0 29.52959678062284
160.0 29.537412536370855
161.0 29.545183329594217
162.0 29.552908945615364
163.0 29.560589169756742
164.0 29.56822378734078
165.0 29.575812583689935
166.0 29.583355344126634
167.0 29.590851853973327
168.0 29.598301898552446
169.0 29.605705263186444
170.0 29.613061733197743
171.0 29.62037109390881
172.0 29.627633130642064
173.0 29.634847628719953
174.0 29.642014373464914
175.0 29.6491331501994
176.0 29.656203744245843
177.0 29.66322594092668
178.0 29.670199525564364
179.0 29.67712428348132
180.0 29.684
181.0 29.69078190638877
182.0 29.697428976222355
183.0 29.703946608282738
184.0 29.710340201351897
185.0 29.71661515421181
186.0 29.722776865644455
187.0 29.728830734431824
188.0 29.734782159355877
189.0 29.74063653919861
190.0 29.746399272742
191.0 29.752075758768022
192.0 29.757671396058658
193.0 29.76319158339589
194.0 29.768641719561693
195.0 29.774027203338054
196.0 29.779353433506945
197.0 29.784625808850347
198.0 29.78984972815024
199.0 29.795030590188617
200.0 29.800173793747444
201.0 29.805284737608698
202.0 29.810368820554366
203.0 29.815431441366425
204.0 29.820477998826863
205.0 29.825513891717645
206.0 29.83054451882076
207.0 29.83557527891819
208.0 29.84061157079191
209.0 29.845658793223897
210.0 29.85072234499614
211.0 29.85580762489061
212.0 29.8609200316893
213.0 29.86606496417417
214.0 29.871247821127216
215.0 29.876474001330404
216.0 29.881748903565732
217.0 29.887077926615166
218.0 29.892466469260686
219.0 29.897919930284278
220.0 29.90344370846792
221.0 29.909043202593594
222.0 29.91472381144327
223.0 29.92049093379894
224.0 29.926349968442576
225.0 29.932306314156165
226.0 29.938365369721673
227.0 29.944532533921095
228.0 29.950813205536402
229.0 29.95721278334958
230.0 29.9637366661426
231.0 29.970390252697452
232.0 29.977178941796108
233.0 29.984108132220555
234.0 29.991183222752763
235.0 29.99840961217472
236.0 30.005792699268405
237.0 30.013337882815797
238.0 30.021050561598873
239.0 30.02893613439961
240.0 30.037
241.0 30.045382922352903
242.0 30.054212396026852
243.0 30.06347391572729
244.0 30.073152976159676
245.0 30.083235072029456
246.0 30.093705698042093
247.0 30.10455034890303
248.0 30.11575451931772
249.0 30.127303703991622
250.0 30.13918339763018
251.0 30.151379094938854
252.0 30.163876290623094
253.0 30.176660479388353
254.0 30.189717155940084
255.0 30.20303181498373
256.0 30.216589951224755
257.0 30.23037705936861
258.0 30.244378634120743
259.0 30.258580170186608
260.0 30.27296716227166
261.0 30.287525105081347
262.0 30.302239493321128
263.0 30.317095821696448
264.0 30.332079584912766
265.0 30.34717627767553
266.0 30.362371394690197
267.0 30.377650430662214
268.0 30.392998880297032
269.0 30.408402238300113
270.0 30.4238459993769
271.0 30.439315658232854
272.0 30.45479670957342
273.0 30.470274648104056
274.0 30.48573496853021
275.0 30.501163165557333
276.0 30.516544733890886
277.0 30.531865168236315
278.0 30.547109963299075
279.0 30.562264613784617
280.0 30.577314614398393
281.0 30.592245459845856
282.0 30.607042644832458
283.0 30.62169166406365
284.0 30.63617801224489
285.0 30.650487184081626
286.0 30.66460467427931
287.0 30.678515977543398
288.0 30.692206588579342
289.0 30.70566200209259
290.0 30.718867712788597
291.0 30.73180921537282
292.0 30.744472004550705
293.0 30.756841575027707
294.0 30.768903421509275
295.0 30.78064303870087
296.0 30.792045921307935
297.0 30.803097564035934
298.0 30.813783461590305
299.0 30.82408910867651
300.0 30.834
301.0 30.843631981035855
302.0 30.853113441082805
303.0 30.86244869058176
304.0 30.871642039973644
305.0 30.880697799699377
306.0 30.889620280199868
307.0 30.89841379191604
308.0 30.907082645288817
309.0 30.915631150759115
310.0 30.924063618767846
311.0 30.932384359755925
312.0 30.94059768416429
313.0 30.948707902433835
314.0 30.95671932500549
315.0 30.964636262320173
316.0 30.9724630248188
317.0 30.980203922942287
318.0 30.987863267131562
319.0 30.995445367827532
320.0 31.002954535471115
321.0 31.010395080503237
322.0 31.017771313364815
323.0 31.02508754449676
324.0 31.032348084339993
325.0 31.039557243335437
326.0 31.046719331924006
327.0 31.053838660546617
328.0 31.060919539644193
329.0 31.067966279657643
330.0 31.07498319102789
331.0 31.08197458419586
332.0 31.08894476960246
333.0 31.09589805768861
334.0 31.10283875889523
335.0 31.109771183663245
336.0 31.11669964243356
337.0 31.1236284456471
338.0 31.130561903744784
339.0 31.137504327167527
340.0 31.144460026356246
341.0 31.151433311751866
342.0 31.1584284937953
343.0 31.16544988292746
344.0 31.172501789589283
345.0 31.179588524221664
346.0 31.186714397265536
347.0 31.19388371916181
348.0 31.201100800351416
349.0 31.20836995127526
350.0 31.215695482374255
351.0 31.22308170408934
352.0 31.23053292686141
353.0 31.238053461131397
354.0 31.245647617340218
355.0 31.25331970592878
356.0 31.261074037338016
357.0 31.268914922008836
358.0 31.276846670382163
359.0 31.28487359289891
360.0 31.293
361.0 31.301236899962444
362.0 31.30958909062444
363.0 31.3180515667687
364.0 31.326619323177916
365.0 31.335287354634797
366.0 31.34405065592204
367.0 31.352904221822346
368.0 31.361843047118416
369.0 31.37086212659295
370.0 31.37995645502866
371.0 31.38912102720823
372.0 31.398350837914375
373.0 31.40764088192979
374.0 31.41698615403718
375.0 31.42638164901924
376.0 31.435822361658676
377.0 31.445303286738188
378.0 31.45481941904048
379.0 31.464365753348247
380.0 31.473937284444197
381.0 31.483529007111024
382.0 31.49313591613144
383.0 31.50275300628814
384.0 31.512375272363816
385.0 31.521997709141186
386.0 31.531615311402938
387.0 31.541223073931786
388.0 31.550815991510415
389.0 31.56038905892154
390.0 31.569937270947857
391.0 31.579455622372066
392.0 31.588939107976877
393.0 31.598382722544976
394.0 31.607781460859076
395.0 31.617130317701875
396.0 31.62642428785607
397.0 31.63565836610437
398.0 31.64482754722947
399.0 31.653926826014075
400.0 31.662951197240886
401.0 31.671895655692598
402.0 31.680755196151924
403.0 31.68952481340155
404.0 31.698199502224195
405.0 31.70677425740255
406.0 31.71524407371931
407.0 31.72360394595719
408.0 31.731848868898883
409.0 31.739973837327092
410.0 31.747973846024514
411.0 31.755843889773864
412.0 31.76357896335783
413.0 31.771174061559112
414.0 31.77862417916042
415.0 31.78592431094445
416.0 31.793069451693906
417.0 31.800054596191487
418.0 31.806874739219896
419.0 31.813524875561836
420.0 31.82
421.0 31.82631286016368
422.0 31.832482948529393
423.0 31.838515377150685
424.0 31.844415258081124
425.0 31.850187703374246
426.0 31.855837825083615
427.0 31.861370735262778
428.0 31.86679154596529
429.0 31.872105369244704
430.0 31.877317317154578
431.0 31.882432501748454
432.0 31.8874560350799
433.0 31.892393029202452
434.0 31.89724859616967
435.0 31.902027848035118
436.0 31.906735896852332
437.0 31.91137785467488
438.0 31.915958833556296
439.0 31.920483945550156
440.0 31.924958302709992
441.0 31.929387017089372
442.0 31.93377520074184
443.0 31.93812796572096
444.0 31.942450424080267
445.0 31.94674768787333
446.0 31.951024869153695
447.0 31.95528707997492
448.0 31.95953943239055
449.0 31.963787038454143
450.0 31.968035010219253
451.0 31.972288459739428
452.0 31.976552499068223
453.0 31.9808322402592
454.0 31.9851327953659
455.0 31.98945927644188
456.0 31.99381679554069
457.0 31.998210464715896
458.0 32.00264539602103
459.0 32.00712670150966
460.0 32.01165949323534
461.0 32.01624888325162
462.0 32.02089998361205
463.0 32.02561790637017
464.0 32.03040776357956
465.0 32.035274667293756
466.0 32.04022372956632
467.0 32.0452600624508
468.0 32.050388778000745
469.0 32.05561498826971
470.0 32.06094380531126
471.0 32.066380341178935
472.0 32.07192970792629
473.0 32.07759701760688
474.0 32.08338738227425
475.0 32.08930591398197
476.0 32.095357724783575
477.0 32.10154792673263
478.0 32.10788163188268
479.0 32.11436395228729
480.0 32.121
481.0 32.127849255864504
482.0 32.13496254631119
483.0 32.142332001773646
484.0 32.14994975268547
485.0 32.157807929480256
486.0 32.16589866259162
487.0 32.17421408245314
488.0 32.18274631949841
489.0 32.19148750416103
490.0 32.20042976687461
491.0 32.209565238072734
492.0 32.218886048189006
493.0 32.22838432765701
494.0 32.238052206910346
495.0 32.24788181638262
496.0 32.25786528650743
497.0 32.26799474771836
498.0 32.27826233044902
499.0 32.28866016513298
500.0 32.29918038220388
501.0 32.30981511209528
502.0 32.3205564852408
503.0 32.33139663207401
504.0 32.342327683028536
505.0 32.35334176853795
506.0 32.36443101903587
507.0 32.375587564955886
508.0 32.38680353673158
509.0 32.39807106479657
510.0 32.40938227958443
511.0 32.420729311528774
512.0 32.43210429106319
513.0 32.443499348621295
514.0 32.454906614636656
515.0 32.466318219542885
516.0 32.477726293773564
517.0 32.48912296776232
518.0 32.50050037194272
519.0 32.51185063674838
520.0 32.52316589261289
521.0 32.53443826996983
522.0 32.545659899252826
523.0 32.55682291089546
524.0 32.567919435331326
525.0 32.57894160299402
526.0 32.58988154431715
527.0 32.6007313897343
528.0 32.61148326967907
529.0 32.62212931458506
530.0 32.632661654885865
531.0 32.643072421015084
532.0 32.653353743406306
533.0 32.663497752493136
534.0 32.67349657870917
535.0 32.683342352488
536.0 32.693027204263224
537.0 32.70254326446844
538.0 32.71188266353724
539.0 32.72103753190323
540.0 32.73
541.0 32.73880768665836
542.0 32.74750612432833
543.0 32.756099313872255
544.0 32.76459125615249
545.0 32.772985952031405
546.0 32.78128740237136
547.0 32.78949960803472
548.0 32.797626569883825
549.0 32.805672288781054
550.0 32.81364076558876
551.0 32.821536001169314
552.0 32.82936199638506
553.0 32.837122752098374
554.0 32.8448222691716
555.0 32.85246454846711
556.0 32.860053590847265
557.0 32.86759339717442
558.0 32.875087968310936
559.0 32.882541305119176
560.0 32.8899574084615
561.0 32.897340279200264
562.0 32.904693918197836
563.0 32.91202232631657
564.0 32.91932950441884
565.0 32.92661945336698
566.0 32.93389617402337
567.0 32.941163667250365
568.0 32.948425933910336
569.0 32.95568697486562
570.0 32.9629507909786
571.0 32.97022138311162
572.0 32.97750275212705
573.0 32.98479889888726
574.0 32.99211382425459
575.0 32.99945152909141
576.0 33.006816014260075
577.0 33.01421128062295
578.0 33.0216413290424
579.0 33.02911016038078
580.0 33.03662177550045
581.0 33.044180175263776
582.0 33.05178936053311
583.0 33.05945333217081
584.0 33.06717609103925
585.0 33.07496163800078
586.0 33.08281397391777
587.0 33.09073709965257
588.0 33.09873501606754
589.0 33.10681172402505
590.0 33.11497122438746
591.0 33.123217518017114
592.0 33.13155460577639
593.0 33.13998648852764
594.0 33.14851716713323
595.0 33.15715064245551
596.0 33.16589091535685
597.0 33.17474198669961
598.0 33.18370785734616
599.0 33.192792528158826
600.0 33.202
601.0 33.21138671099439
602.0 33.22100080810001
603.0 33.23083385542919
604.0 33.240877417094225
605.0 33.251123057207444
606.0 33.26156233988116
607.0 33.27218682922769
608.0 33.28298808935935
609.0 33.29395768438846
610.0 33.30508717842732
611.0 33.31636813558827
612.0 33.327792119983606
613.0 33.33935069572565
614.0 33.35103542692672
615.0 33.36283787769914
616.0 33.37474961215521
617.0 33.38676219440726
618.0 33.398867188567586
619.0 33.41105615874853
620.0 33.42332066906239
621.0 33.43565228362149
622.0 33.44804256653814
623.0 33.46048308192467
624.0 33.472965393893375
625.0 33.48548106655658
626.0 33.49802166402661
627.0 33.51057875041577
628.0 33.523143889836376
629.0 33.53570864640076
630.0 33.54826458422121
631.0 33.56080326741006
632.0 33.57331626007963
633.0 33.58579512634222
634.0 33.598231430310165
635.0 33.610616736095764
636.0 33.622942607811346
637.0 33.63520060956921
638.0 33.6473823054817
639.0 33.6594792596611
640.0 33.671483036219755
641.0 33.683385199269956
642.0 33.69517731292403
643.0 33.706850941294306
644.0 33.71839764849308
645.0 33.72980899863267
646.0 33.7410765558254
647.0 33.75219188418359
648.0 33.763146547819545
649.0 33.77393211084558
650.0 33.784540137374016
651.0 33.79496219151717
652.0 33.80518983738736
653.0 33.8152146390969
654.0 33.82502816075811
655.0 33.83462196648329
656.0 33.84398762038478
657.0 33.853116686574865
658.0 33.86200072916589
659.0 33.87063131227017
660.0 33.879
661.0 33.88715994945886
662.0 33.895173045768594
663.0 33.90304394506908
664.0 33.910777303500176
665.0 33.918377777201755
666.0 33.925850022313696
667.0 33.93319869497588
668.0 33.94042845132817
669.0 33.94754394751043
670.0 33.95454983966254
671.0 33.96145078392437
672.0 33.9682514364358
673.0 33.97495645333669
674.0 33.98157049076692
675.0 33.988098204866354
676.0 33.99454425177488
677.0 34.00091328763236
678.0 34.00720996857866
679.0 34.01343895075366
680.0 34.01960489029723
681.0 34.02571244334925
682.0 34.03176626604958
683.0 34.0377710145381
684.0 34.04373134495467
685.0 34.04965191343918
686.0 34.05553737613149
687.0 34.06139238917148
688.0 34.06722160869901
689.0 34.073029690853964
690.0 34.078821291776215
691.0 34.08460106760562
692.0 34.09037367448206
693.0 34.09614376854542
694.0 34.10191600593555
695.0 34.10769504279234
696.0 34.11348553525565
697.0 34.11929213946535
698.0 34.12511951156134
699.0 34.13097230768345
700.0 34.13685518397158
701.0 34.142772796565595
702.0 34.14872980160537
703.0 34.154730855230774
704.0 34.16078061358167
705.0 34.16688373279795
706.0 34.17304486901947
707.0 34.179268678386116
708.0 34.18555981703775
709.0 34.19192294111424
710.0 34.198362706755475
711.0 34.20488377010131
712.0 34.21149078729162
713.0 34.21818841446629
714.0 34.22498130776517
715.0 34.231874123328154
716.0 34.238871517295095
717.0 34.245978145805886
718.0 34.25319866500038
719.0 34.260537731018466
720.0 34.268
721.0 34.275607027764494
722.0 34.283373362003054
723.0 34.291293146662916
724.0 34.29936052569134
725.0 34.307569643035585
726.0 34.31591464264291
727.0 34.32438966846056
728.0 34.33298886443579
729.0 34.34170637451586
730.0 34.35053634264803
731.0 34.35947291277952
732.0 34.36851022885763
733.0 34.3776424348296
734.0 34.386863674642676
735.0 34.39616809224412
736.0 34.40554983158118
737.0 34.415003036601114
738.0 34.42452185125118
739.0 34.43410041947862
740.0 34.4437328852307
741.0 34.45341339245469
742.0 34.46313608509781
743.0 34.472895107107334
744.0 34.48268460243052
745.0 34.49249871501461
746.0 34.50233158880687
747.0 34.512177367754546
748.0 34.5220301958049
749.0 34.53188421690518
750.0 34.54173357500265
751.0 34.55157241404456
752.0 34.56139487797816
753.0 34.5711951107507
754.0 34.58096725630945
755.0 34.59070545860166
756.0 34.60040386157458
757.0 34.61005660917546
758.0 34.61965784535157
759.0 34.62920171405014
760.0 34.63868235921845
761.0 34.648093924803746
762.0 34.657430554753276
763.0 34.66668639301431
764.0 34.67585558353408
765.0 34.68493227025986
766.0 34.693910597138895
767.0 34.70278470811844
768.0 34.711548747145756
769.0 34.720196858168094
770.0 34.7287231851327
771.0 34.73712187198684
772.0 34.74538706267777
773.0 34.75351290115274
774.0 34.761493531359
775.0 34.76932309724381
776.0 34.776995742754416
777.0 34.78450561183809
778.0 34.79184684844207
779.0 34.799013596513625
780.0 34.806
781.0 34.812845616145644
782.0 34.81959574295636
783.0 34.82625313552137
784.0 34.83282054892995
785.0 34.83930073827134
786.0 34.84569645863478
787.0 34.85201046510952
788.0 34.85824551278482
789.0 34.86440435674993
790.0 34.87048975209409
791.0 34.87650445390655
792.0 34.88245121727657
793.0 34.88833279729338
794.0 34.89415194904624
795.0 34.8999114276244
796.0 34.90561398811712
797.0 34.91126238561362
798.0 34.91685937520318
799.0 34.922407711975026
800.0 34.92791015101842
801.0 34.9333694474226
802.0 34.93878835627683
803.0 34.94416963267035
804.0 34.94951603169241
805.0 34.954830308432264
806.0 34.960115217979144
807.0 34.96537351542232
808.0 34.97060795585103
809.0 34.97582129435453
810.0 34.98101628602207
811.0 34.98619568594289
812.0 34.99136224920624
813.0 34.99651873090137
814.0 35.00166788611754
815.0 35.00681246994399
816.0 35.01195523746996
817.0 35.01709894378472
818.0 35.0222463439775
819.0 35.02740019313756
820.0 35.03256324635415
821.0 35.03773825871651
822.0 35.0429279853139
823.0 35.04813518123556
824.0 35.05336260157073
825.0 35.05861300140869
826.0 35.063889135838664
827.0 35.06919375994992
828.0 35.07452962883168
829.0 35.07989949757321
830.0 35.08530612126376
831.0 35.09075225499257
832.0 35.096240653848916
833.0 35.101774072922005
834.0 35.107355267301116
835.0 35.112986992075484
836.0 35.11867200233437
837.0 35.12441305316702
838.0 35.13021289966267
839.0 35.13607429691058
840.0 35.142
841.0 35.14795191672133
842.0 35.153891043959575
843.0 35.15981877044595
844.0 35.165736484911655
845.0 35.171645576087904
846.0 35.177547432705886
847.0 35.183443443496806
848.0 35.189334997191885
849.0 35.19522348252229
850.0 35.201110288219255
851.0 35.20699680301396
852.0 35.21288441563763
853.0 35.21877451482147
854.0 35.22466848929665
855.0 35.2305677277944
856.0 35.23647361904591
857.0 35.2423875517824
858.0 35.24831091473506
859.0 35.25424509663509
860.0 35.2601914862137
861.0 35.26615147220208
862.0 35.27212644333146
863.0 35.27811778833301
864.0 35.284126895937966
865.0 35.290155154877496
866.0 35.29620395388283
867.0 35.30227468168517
868.0 35.3083687270157
869.0 35.31448747860563
870.0 35.32063232518616
871.0 35.326804655488516
872.0 35.33300585824388
873.0 35.33923732218345
874.0 35.34550043603844
875.0 35.35179658854005
876.0 35.35812716841948
877.0 35.36449356440794
878.0 35.37089716523662
879.0 35.37733935963674
880.0 35.3838215363395
881.0 35.39034508407608
882.0 35.39691139157771
883.0 35.403521847575576
884.0 35.410177840800884
885.0 35.416880759984856
886.0 35.42363199385868
887.0 35.43043293115353
888.0 35.43728496060067
889.0 35.44418947093124
890.0 35.451147850876495
891.0 35.4581614891676
892.0 35.46523177453578
893.0 35.47236009571223
894.0 35.47954784142816
895.0 35.486796400414754
896.0 35.494107161403235
897.0 35.501481513124794
898.0 35.508920844310644
899.0 35.51642654369198
900.0 35.524
901.0 35.53172541800405
902.0 35.539680183978064
903.0 35.54785545891014
904.0 35.55624240378839
905.0 35.56483217960091
906.0 35.57361594733581
907.0 35.582584867981204
908.0 35.591730102525176
909.0 35.60104281195583
910.0 35.61051415726129
911.0 35.62013529942965
912.0 35.62989739944901
913.0 35.63979161830748
914.0 35.64980911699316
915.0 35.65994105649416
916.0 35.67017859779857
917.0 35.68051290189451
918.0 35.69093512977008
919.0 35.70143644241339
920.0 35.712008000812524
921.0 35.7226409659556
922.0 35.73332649883073
923.0 35.744055760426
924.0 35.754819911729534
925.0 35.76561011372942
926.0 35.77641752741377
927.0 35.787233313770685
928.0 35.79804863378826
929.0 35.80885464845462
930.0 35.81964251875786
931.0 35.83040340568608
932.0 35.84112847022738
933.0 35.85180887336987
934.0 35.86243577610167
935.0 35.87300033941086
936.0 35.88349372428556
937.0 35.89390709171386
938.0 35.904231602683865
939.0 35.9144584181837
940.0 35.92457869920144
941.0 35.93458360672522
942.0 35.94446430174312
943.0 35.95421194524325
944.0 35.96381769821372
945.0 35.97327272164262
946.0 35.982568176518086
947.0 35.99169522382819
948.0 36.00064502456105
949.0 36.00940873970477
950.0 36.01797753024744
951.0 36.02634255717719
952.0 36.03449498148209
953.0 36.04242596415028
954.0 36.050126666169845
955.0 36.057588248528894
956.0 36.064801872215526
957.0 36.07175869821784
958.0 36.078449887523966
959.0 36.08486660112198
960.0 36.091
961.0 36.09690260373582
962.0 36.10263685398845
963.0 36.10820879486779
964.0 36.113624470483764
965.0 36.11888992494625
966.0 36.1240112023652
967.0 36.12899434685049
968.0 36.13384540251205
969.0 36.13857041345978
970.0 36.14317542380359
971.0 36.1476664776534
972.0 36.1520496191191
973.0 36.15633089231061
974.0 36.160516341337846
975.0 36.164612010310705
976.0 36.168623943339114
977.0 36.17255818453297
978.0 36.176420778002175
979.0 36.18021776785665
980.0 36.183955198206306
981.0 36.18763911316104
982.0 36.19127555683078
983.0 36.19487057332543
984.0 36.198430206754885
985.0 36.201960501229074
986.0 36.20546750085789
987.0 36.20895724975126
988.0 36.21243579201907
989.0 36.21590917177126
990.0 36.21938343311772
991.0 36.22286462016835
992.0 36.22635877703309
993.0 36.22987194782182
994.0 36.23341017664447
995.0 36.23697950761093
996.0 36.24058598483113
997.0 36.244235652414964
998.0 36.24793455447235
999.0 36.2516887351132
1000.0 36.255504238447415
1001.0 36.25938710858492
1002.0 36.263343389635594
1003.0 36.26737912570937
1004.0 36.27150036091616
1005.0 36.27571313936586
1006.0 36.280023505168394
1007.0 36.28443750243366
1008.0 36.28896117527158
1009.0 36.29360056779205
1010.0 36.29836172410498
1011.0 36.30325068832029
1012.0 36.308273504547884
1013.0 36.31343621689767
1014.0 36.31874486947956
1015.0 36.32420550640346
1016.0 36.329824171779286
1017.0 36.335606909716944
1018.0 36.34155976432634
1019.0 36.34768877971739
1020.0 36.354
1021.0 36.36065146410417
1022.0 36.36778661815842
1023.0 36.37538961707049
1024.0 36.383444615748076
1025.0 36.391935769098914
1026.0 36.40084723203071
1027.0 36.41016315945118
1028.0 36.41986770626805
1029.0 36.42994502738903
1030.0 36.44037927772183
1031.0 36.45115461217419
1032.0 36.46225518565381
1033.0 36.47366515306842
1034.0 36.48536866932572
1035.0 36.497349889333435
1036.0 36.509592967999296
1037.0 36.52208206023101
1038.0 36.534801320936275
1039.0 36.547734905022836
1040.0 36.5608669673984
1041.0 36.57418166297069
1042.0 36.587663146647415
1043.0 36.601295573336294
1044.0 36.61506309794505
1045.0 36.628949875381394
1046.0 36.642940060553045
1047.0 36.657017808367726
1048.0 36.67116727373315
1049.0 36.685372611557035
1050.0 36.6996179767471
1051.0 36.71388752421105
1052.0 36.728165408856626
1053.0 36.74243578559152
1054.0 36.756682809323465
1055.0 36.77089063496018
1056.0 36.78504341740937
1057.0 36.79912531157877
1058.0 36.813120472376085
1059.0 36.82701305470903
1060.0 36.84078721348533
1061.0 36.85442710361269
1062.0 36.86791687999885
1063.0 36.88124069755151
1064.0 36.89438271117839
1065.0 36.9073270757872
1066.0 36.92005794628568
1067.0 36.93255947758153
1068.0 36.94481582458247
1069.0 36.956811142196216
1070.0 36.968529585330494
1071.0 36.97995530889301
1072.0 36.99107246779149
1073.0 37.00186521693365
1074.0 37.0123177112272
1075.0 37.02241410557987
1076.0 37.03213855489937
1077.0 37.0414752140934
1078.0 37.050408238069714
1079.0 37.05892178173601
1080.0 37.067
1081.0 37.07477644432582
1082.0 37.082398326934225
1083.0 37.08987029386791
1084.0 37.097196991169525
1085.0 37.10438306488176
1086.0 37.111433161047266
1087.0 37.11835192570873
1088.0 37.12514400490883
1089.0 37.13181404469023
1090.0 37.1383666910956
1091.0 37.14480659016762
1092.0 37.15113838794896
1093.0 37.157366730482295
1094.0 37.163496263810295
1095.0 37.16953163397564
1096.0 37.17547748702098
1097.0 37.18133846898902
1098.0 37.1871192259224
1099.0 37.192824403863824
1100.0 37.19845864885595
1101.0 37.20402660694144
1102.0 37.20953292416299
1103.0 37.21498224656325
1104.0 37.22037922018491
1105.0 37.22572849107064
1106.0 37.2310347052631
1107.0 37.236302508804975
1108.0 37.24153654773893
1109.0 37.24674146810765
1110.0 37.2519219159538
1111.0 37.25708253732005
1112.0 37.26222797824908
1113.0 37.267362884783545
1114.0 37.27249190296614
1115.0 37.27761967883953
1116.0 37.282750858446384
1117.0 37.287890087829375
1118.0 37.29304201303118
1119.0 37.29821128009447
1120.0 37.30340253506191
1121.0 37.3086204239762
1122.0 37.31386959287998
1123.0 37.31915468781593
1124.0 37.32448035482673
1125.0 37.32985123995506
1126.0 37.33527198924359
1127.0 37.34074724873497
1128.0 37.3462816644719
1129.0 37.35187988249704
1130.0 37.357546548853065
1131.0 37.36328630958265
1132.0 37.36910381072846
1133.0 37.37500369833318
1134.0 37.38099061843947
1135.0 37.38706921709001
1136.0 37.393244140327475
1137.0 37.39952003419453
1138.0 37.40590154473385
1139.0 37.41239331798812
1140.0 37.419
1141.0 37.425737747057724
1142.0 37.432615920079186
1143.0 37.439628972051565
1144.0 37.44677135596201
1145.0 37.454037524797684
1146.0 37.46142193154575
1147.0 37.46891902919338
1148.0 37.47652327072772
1149.0 37.48422910913595
1150.0 37.49203099740522
1151.0 37.49992338852271
1152.0 37.50790073547556
1153.0 37.51595749125095
1154.0 37.52408810883603
1155.0 37.532287041217984
1156.0 37.54054874138395
1157.0 37.5488676623211
1158.0 37.55723825701659
1159.0 37.56565497845761
1160.0 37.574112279631294
1161.0 37.582604613524815
1162.0 37.59112643312533
1163.0 37.59967219142001
1164.0 37.608236341396015
1165.0 37.616813336040515
1166.0 37.625397628340664
1167.0 37.633983671283616
1168.0 37.64256591785655
1169.0 37.65113882104663
1170.0 37.659696833841004
1171.0 37.66823440922684
1172.0 37.67674600019131
1173.0 37.685226059721565
1174.0 37.69366904080477
1175.0 37.7020693964281
1176.0 37.7104215795787
1177.0 37.71872004324375
1178.0 37.7269592404104
1179.0 37.73513362406581
1180.0 37.74323764719716
1181.0 37.75126576279159
1182.0 37.75921242383628
1183.0 37.767072083318396
1184.0 37.77483919422509
1185.0 37.78250820954352
1186.0 37.79007358226087
1187.0 37.79752976536428
1188.0 37.80487121184092
1189.0 37.81209237467796
1190.0 37.81918770686255
1191.0 37.82615166138187
1192.0 37.83297869122307
1193.0 37.83966324937331
1194.0 37.84619978881977
1195.0 37.852582762549595
1196.0 37.85880662354995
1197.0 37.864865824808014
1198.0 37.87075481931093
1199.0 37.87646806004587
1200.0 37.882
1201.0 37.887368836829836
1202.0 37.892599852396195
1203.0 37.89769812599265
1204.0 37.9026687369128
1205.0 37.907516764450236
1206.0 37.912247287898545
1207.0 37.9168653865513
1208.0 37.9213761397021
1209.0 37.92578462664454
1210.0 37.930095926672195
1211.0 37.93431511907866
1212.0 37.93844728315752
1213.0 37.942497498202364
1214.0 37.94647084350678
1215.0 37.95037239836435
1216.0 37.95420724206866
1217.0 37.957980453913315
1218.0 37.96169711319189
1219.0 37.96536229919798
1220.0 37.96898109122515
1221.0 37.972558568567024
1222.0 37.97609981051717
1223.0 37.97960989636917
1224.0 37.98309390541662
1225.0 37.986556916953106
1226.0 37.990004010272216
1227.0 37.99344026466754
1228.0 37.99687075943266
1229.0 38.00030057386116
1230.0 38.00373478724665
1231.0 38.0071784788827
1232.0 38.0106367280629
1233.0 38.01411461408083
1234.0 38.01761721623009
1235.0 38.021149613804276
1236.0 38.024716886096954
1237.0 38.02832411240171
1238.0 38.03197637201217
1239.0 38.03567874422188
1240.0 38.03943630832444
1241.0 38.043254143613446
1242.0 38.04713732938248
1243.0 38.051090944925136
1244.0 38.055120069534986
1245.0 38.05922978250563
1246.0 38.063425163130646
1247.0 38.06771129070365
1248.0 38.0720932445182
1249.0 38.076576103867886
1250.0 38.0811649480463
1251.0 38.085864856347044
1252.0 38.09068090806368
1253.0 38.09561818248983
1254.0 38.10068175891905
1255.0 38.105876716644936
1256.0 38.11120813496108
1257.0 38.116681093161084
1258.0 38.1223006705385
1259.0 38.128071946386946
1260.0 38.134
1261.0 38.14020624952909
1262.0 38.146800427526834
1263.0 38.15377008488857
1264.0 38.16110277250964
1265.0 38.16878604128541
1266.0 38.176807442111205
1267.0 38.185154525882375
1268.0 38.19381484349428
1269.0 38.20277594584224
1270.0 38.212025383821626
1271.0 38.221550708327776
1272.0 38.23133947025604
1273.0 38.24137922050175
1274.0 38.25165750996026
1275.0 38.26216188952693
1276.0 38.27287991009709
1277.0 38.28379912256609
1278.0 38.294907077829286
1279.0 38.306191326782
1280.0 38.3176394203196
1281.0 38.32923890933743
1282.0 38.34097734473083
1283.0 38.35284227739515
1284.0 38.364821258225724
1285.0 38.37690183811792
1286.0 38.38907156796707
1287.0 38.401317998668524
1288.0 38.41362868111763
1289.0 38.425991166209734
1290.0 38.43839300484018
1291.0 38.45082174790431
1292.0 38.46326494629747
1293.0 38.47571015091502
1294.0 38.488144912652295
1295.0 38.500556782404644
1296.0 38.51293331106741
1297.0 38.52526204953593
1298.0 38.53753054870558
1299.0 38.549726359471684
1300.0 38.56183703272959
1301.0 38.57385011937466
1302.0 38.58575317030222
1303.0 38.59753373640762
1304.0 38.60917936858621
1305.0 38.620677617733335
1306.0 38.63201603474434
1307.0 38.64318217051458
1308.0 38.654163575939386
1309.0 38.664947801914124
1310.0 38.67552239933412
1311.0 38.685874919094736
1312.0 38.695992912091306
1313.0 38.70586392921919
1314.0 38.715475521373726
1315.0 38.72481523945025
1316.0 38.73387063434413
1317.0 38.74262925695069
1318.0 38.7510786581653
1319.0 38.759206388883285
1320.0 38.767
1321.0 38.77457120825721
1322.0 38.78204162964888
1323.0 38.78941366394877
1324.0 38.796689710930565
1325.0 38.80387217036799
1326.0 38.81096344203476
1327.0 38.817965925704584
1328.0 38.82488202115118
1329.0 38.83171412814827
1330.0 38.83846464646957
1331.0 38.84513597588878
1332.0 38.851730516179636
1333.0 38.85825066711583
1334.0 38.864698828471084
1335.0 38.87107740001914
1336.0 38.87738878153367
1337.0 38.88363537278842
1338.0 38.8898195735571
1339.0 38.89594378361341
1340.0 38.90201040273108
1341.0 38.90802183068382
1342.0 38.91398046724535
1343.0 38.91988871218939
1344.0 38.925748965289635
1345.0 38.931563626319814
1346.0 38.93733509505364
1347.0 38.94306577126483
1348.0 38.948758054727094
1349.0 38.954414345214154
1350.0 38.96003704249973
1351.0 38.96562854635751
1352.0 38.97119125656124
1353.0 38.97672757288462
1354.0 38.98223989510136
1355.0 38.987730622985204
1356.0 38.993202156309835
1357.0 38.99865689484897
1358.0 39.004097238376346
1359.0 39.00952558666567
1360.0 39.01494433949064
1361.0 39.020355896625
1362.0 39.025762657842435
1363.0 39.03116702291668
1364.0 39.03657139162145
1365.0 39.04197816373045
1366.0 39.0473897390174
1367.0 39.05280851725602
1368.0 39.05823689822001
1369.0 39.063677281683105
1370.0 39.06913206741901
1371.0 39.07460365520144
1372.0 39.08009444480411
1373.0 39.08560683600074
1374.0 39.091143228565045
1375.0 39.09670602227073
1376.0 39.102297616891526
1377.0 39.107920412201125
1378.0 39.11357680797327
1379.0 39.11926920398165
1380.0 39.125
1381.0 39.130782090086576
1382.0 39.136624419925894
1383.0 39.14252346673108
1384.0 39.14847570771521
1385.0 39.15447762009139
1386.0 39.160525681072755
1387.0 39.16661636787239
1388.0 39.17274615770339
1389.0 39.17891152777889
1390.0 39.18510895531197
1391.0 39.191334917515725
1392.0 39.19758589160329
1393.0 39.203858354787755
1394.0 39.210148784282204
1395.0 39.21645365729978
1396.0 39.22276945105357
1397.0 39.22909264275667
1398.0 39.23541970962219
1399.0 39.24174712886325
1400.0 39.24807137769293
1401.0 39.25438893332436
1402.0 39.26069627297062
1403.0 39.26698987384482
1404.0 39.273266213160085
1405.0 39.2795217681295
1406.0 39.285753015966165
1407.0 39.29195643388321
1408.0 39.29812849909372
1409.0 39.3042656888108
1410.0 39.310364480247564
1411.0 39.316421350617105
1412.0 39.32243277713253
1413.0 39.32839523700696
1414.0 39.33430520745348
1415.0 39.3401591656852
1416.0 39.34595358891523
1417.0 39.35168495435667
1418.0 39.35734973922263
1419.0 39.36294442072621
1420.0 39.3684654760805
1421.0 39.37390938249864
1422.0 39.379272617193706
1423.0 39.38455165737881
1424.0 39.38974298026706
1425.0 39.39484306307156
1426.0 39.399848383005406
1427.0 39.40475541728171
1428.0 39.409560643113586
1429.0 39.41426053771412
1430.0 39.41885157829643
1431.0 39.42333024207362
1432.0 39.427693006258785
1433.0 39.43193634806504
1434.0 39.43605674470548
1435.0 39.440050673393216
1436.0 39.443914611341356
1437.0 39.447645035763
1438.0 39.45123842387125
1439.0 39.454691252879215
1440.0 39.458
1441.0 39.46118363920393
1442.0 39.46426593520524
1443.0 39.467250551332874
1444.0 39.470141150915765
1445.0 39.47294139728285
1446.0 39.4756549537631
1447.0 39.47828548368542
1448.0 39.480836650378784
1449.0 39.48331211717212
1450.0 39.48571554739436
1451.0 39.488050604374465
1452.0 39.490320951441376
1453.0 39.492530251924016
1454.0 39.49468216915135
1455.0 39.496780366452306
1456.0 39.498828507155835
1457.0 39.50083025459088
1458.0 39.50278927208637
1459.0 39.504709222971265
1460.0 39.5065937705745
1461.0 39.50844657822501
1462.0 39.51027130925174
1463.0 39.51207162698365
1464.0 39.51385119474965
1465.0 39.51561367587872
1466.0 39.51736273369976
1467.0 39.519102031541756
1468.0 39.520835232733624
1469.0 39.522566000604314
1470.0 39.524297998482766
1471.0 39.52603488969792
1472.0 39.52778033757872
1473.0 39.529538005454114
1474.0 39.531311556653044
1475.0 39.533104654504434
1476.0 39.53492096233725
1477.0 39.53676414348042
1478.0 39.5386378612629
1479.0 39.54054577901362
1480.0 39.54249156006152
1481.0 39.544478867735556
1482.0 39.546511365364665
1483.0 39.54859271627778
1484.0 39.55072658380386
1485.0 39.55291663127183
1486.0 39.555166522010644
1487.0 39.55747991934925
1488.0 39.55986048661656
1489.0 39.562311887141554
1490.0 39.56483778425315
1491.0 39.5674418412803
1492.0 39.57012772155195
1493.0 39.57289908839703
1494.0 39.57575960514449
1495.0 39.57871293512327
1496.0 39.58176274166232
1497.0 39.584912688090576
1498.0 39.58816643773698
1499.0 39.59152765393047
1500.0 39.595
1501.0 39.598726416057254
1502.0 39.60283881298688
1503.0 39.60732431027728
1504.0 39.61217002741682
1505.0 39.617363083893885
1506.0 39.622890599196865
1507.0 39.62873969281413
1508.0 39.634897484234074
1509.0 39.641351092945065
1510.0 39.648087638435506
1511.0 39.655094240193776
1512.0 39.662358017708236
1513.0 39.669866090467295
1514.0 39.67760557795933
1515.0 39.685563599672705
1516.0 39.693727275095824
1517.0 39.70208372371707
1518.0 39.7106200650248
1519.0 39.719323418507415
1520.0 39.7281809036533
1521.0 39.73717963995084
1522.0 39.74630674688841
1523.0 39.75554934395439
1524.0 39.76489455063717
1525.0 39.77432948642513
1526.0 39.78384127080665
1527.0 39.793417023270116
1528.0 39.80304386330392
1529.0 39.81270891039642
1530.0 39.82239928403602
1531.0 39.832102103711094
1532.0 39.84180448891002
1533.0 39.85149355912119
1534.0 39.86115643383299
1535.0 39.87078023253378
1536.0 39.88035207471198
1537.0 39.88985907985594
1538.0 39.899288367454055
1539.0 39.9086270569947
1540.0 39.91786226796627
1541.0 39.92698111985715
1542.0 39.93597073215571
1543.0 39.94481822435033
1544.0 39.953510715929404
1545.0 39.96203532638131
1546.0 39.97037917519443
1547.0 39.97852938185716
1548.0 39.98647306585786
1549.0 39.99419734668492
1550.0 40.001689343826726
1551.0 40.00893617677167
1552.0 40.015924965008104
1553.0 40.02264282802445
1554.0 40.029076885309074
1555.0 40.03521425635034
1556.0 40.04104206063666
1557.0 40.046547417656406
1558.0 40.05171744689795
1559.0 40.056539267849686
1560.0 40.061
1561.0 40.06521428120379
1562.0 40.069308015293515
1563.0 40.07328522072387
1564.0 40.07714991594954
1565.0 40.08090611942523
1566.0 40.084557849605645
1567.0 40.08810912494546
1568.0 40.09156396389938
1569.0 40.094926384922104
1570.0 40.09820040646832
1571.0 40.10139004699272
1572.0 40.10449932495001
1573.0 40.10753225879488
1574.0 40.11049286698203
1575.0 40.11338516796614
1576.0 40.116213180201925
1577.0 40.118980922144075
1578.0 40.12169241224728
1579.0 40.12435166896623
1580.0 40.12696271075564
1581.0 40.12952955607018
1582.0 40.132056223364565
1583.0 40.13454673109348
1584.0 40.13700509771162
1585.0 40.13943534167369
1586.0 40.141841481434376
1587.0 40.144227535448366
1588.0 40.14659752217038
1589.0 40.14895546005509
1590.0 40.15130536755721
1591.0 40.153651263131415
1592.0 40.15599716523242
1593.0 40.158347092314905
1594.0 40.16070506283357
1595.0 40.16307509524311
1596.0 40.16546120799823
1597.0 40.1678674195536
1598.0 40.17029774836394
1599.0 40.17275621288394
1600.0 40.175246831568295
1601.0 40.17777362287168
1602.0 40.18034060524883
1603.0 40.18295179715441
1604.0 40.185611217043125
1605.0 40.188322883369665
1606.0 40.19109081458873
1607.0 40.19391902915502
1608.0 40.19681154552322
1609.0 40.199772382148026
1610.0 40.20280555748413
1611.0 40.205915089986256
1612.0 40.209104998109055
1613.0 40.21237930030726
1614.0 40.215742015035545
1615.0 40.219197160748614
1616.0 40.22274875590115
1617.0 40.226400818947866
1618.0 40.230157368343455
1619.0 40.2340224225426
1620.0 40.238
1621.0 40.242094535469974
1622.0 40.24630641382275
1623.0 40.25063357868688
1624.0 40.255073973690926
1625.0 40.25962554246345
1626.0 40.264286228633004
1627.0 40.26905397582815
1628.0 40.27392672767743
1629.0 40.27890242780942
1630.0 40.28397901985267
1631.0 40.28915444743574
1632.0 40.29442665418719
1633.0 40.29979358373557
1634.0 40.305253179709446
1635.0 40.31080338573737
1636.0 40.316442145447915
1637.0 40.32216740246961
1638.0 40.327977100431035
1639.0 40.33386918296074
1640.0 40.33984159368729
1641.0 40.345892276239226
1642.0 40.352019174245115
1643.0 40.358220231333526
1644.0 40.364493391133
1645.0 40.3708365972721
1646.0 40.377247793379404
1647.0 40.38372492308344
1648.0 40.390265930012774
1649.0 40.396868757795964
1650.0 40.40353135006158
1651.0 40.41025165043816
1652.0 40.41702760255428
1653.0 40.42385715003848
1654.0 40.43073823651934
1655.0 40.4376688056254
1656.0 40.44464680098523
1657.0 40.45167016622737
1658.0 40.458736844980386
1659.0 40.46584478087284
1660.0 40.4729919175333
1661.0 40.4801761985903
1662.0 40.487395567672415
1663.0 40.494647968408195
1664.0 40.5019313444262
1665.0 40.509243639354985
1666.0 40.51658279682312
1667.0 40.52394676045915
1668.0 40.53133347389163
1669.0 40.538740880749124
1670.0 40.54616692466019
1671.0 40.55360954925339
1672.0 40.561066698157276
1673.0 40.5685363150004
1674.0 40.57601634341133
1675.0 40.58350472701862
1676.0 40.59099940945082
1677.0 40.59849833433652
1678.0 40.605999445304235
1679.0 40.61350068598255
1680.0 40.621
1681.0 40.628583124559064
1682.0 40.636333165639016
1683.0 40.64424412003368
1684.0 40.65230998453688
1685.0 40.660524755942426
1686.0 40.66888243104415
1687.0 40.67737700663586
1688.0 40.686002479511366
1689.0 40.6947528464645
1690.0 40.70362210428909
1691.0 40.71260424977893
1692.0 40.721693279727845
1693.0 40.73088319092967
1694.0 40.740167980178214
1695.0 40.74954164426729
1696.0 40.758998179990726
1697.0 40.76853158414233
1698.0 40.77813585351593
1699.0 40.787804984905335
1700.0 40.79753297510438
1701.0 40.80731382090687
1702.0 40.81714151910661
1703.0 40.82701006649746
1704.0 40.8369134598732
1705.0 40.84684569602767
1706.0 40.85680077175468
1707.0 40.86677268384805
1708.0 40.87675542910159
1709.0 40.88674300430914
1710.0 40.8967294062645
1711.0 40.90670863176149
1712.0 40.91667467759394
1713.0 40.92662154055566
1714.0 40.93654321744046
1715.0 40.94643370504218
1716.0 40.956287000154624
1717.0 40.96609709957163
1718.0 40.97585800008698
1719.0 40.985563698494516
1720.0 40.99520819158806
1721.0 41.00478547616143
1722.0 41.014289549008424
1723.0 41.023714406922885
1724.0 41.033054046698616
1725.0 41.04230246512945
1726.0 41.0514536590092
1727.0 41.06050162513167
1728.0 41.06944036029071
1729.0 41.07826386128011
1730.0 41.086966124893685
1731.0 41.09554114792528
1732.0 41.1039829271687
1733.0 41.11228545941776
1734.0 41.120442741466285
1735.0 41.12844877010809
1736.0 41.136297542137
1737.0 41.14398305434682
1738.0 41.151499303531395
1739.0 41.158840286484505
1740.0 41.166
1741.0 41.17301733249854
1742.0 41.179937096537564
1743.0 41.18676217511599
1744.0 41.19349545123274
1745.0 41.200139807886764
1746.0 41.206698128076994
1747.0 41.21317329480235
1748.0 41.219568191061775
1749.0 41.225885699854196
1750.0 41.23212870417855
1751.0 41.238300087033764
1752.0 41.24440273141875
1753.0 41.25043952033248
1754.0 41.25641333677385
1755.0 41.26232706374183
1756.0 41.26818358423532
1757.0 41.27398578125325
1758.0 41.279736537794584
1759.0 41.28543873685821
1760.0 41.291095261443104
1761.0 41.29670899454817
1762.0 41.30228281917234
1763.0 41.30781961831457
1764.0 41.31332227497376
1765.0 41.318793672148864
1766.0 41.324236692838795
1767.0 41.329654220042514
1768.0 41.335049136758926
1769.0 41.34042432598698
1770.0 41.3457826707256
1771.0 41.35112705397371
1772.0 41.35646035873026
1773.0 41.36178546799417
1774.0 41.36710526476437
1775.0 41.37242263203979
1776.0 41.37774045281938
1777.0 41.38306161010206
1778.0 41.38838898688677
1779.0 41.39372546617241
1780.0 41.39907393095796
1781.0 41.40443726424231
1782.0 41.40981834902442
1783.0 41.41522006830321
1784.0 41.42064530507762
1785.0 41.42609694234657
1786.0 41.43157786310899
1787.0 41.437090950363825
1788.0 41.44263908711
1789.0 41.44822515634645
1790.0 41.45385204107212
1791.0 41.45952262428591
1792.0 41.46523978898677
1793.0 41.47100641817364
1794.0 41.476825394845434
1795.0 41.4826996020011
1796.0 41.48863192263955
1797.0 41.49462523975974
1798.0 41.50068243636059
1799.0 41.50680639544103
1800.0 41.513
