0 0.01963
60 0.02002
120 0.02053
180 0.021
240 0.02151
300 0.02191
360 0.02233
420 0.02278
480 0.02325
540 0.02377
600 0.02428
660 0.02465
720 0.02506
780 0.02552
840 0.02612
900 0.0266
960 0.02687
1020 0.02732
1080 0.02793
1140 0.02826
1200 0.02891
1260 0.02921
1320 0.02961
1380 0.03029
1440 0.03051
1500 0.03098
1560 0.03137
1620 0.03179
1680 0.03219
1740 0.03262
1800 0.03307
1860 0.03345
1920 0.03403
1980 0.03447
2040 0.03476
2100 0.03513
2160 0.03558
2220 0.03609
2280 0.03646
2340 0.03653
2400 0.03694
2460 0.03731
2520 0.03766
2580 0.03812
2640 0.0384
2700 0.03858
2760 0.03903
2820 0.0394
2880 0.03954
2940 0.04013
3000 0.04011
3060 0.04076
3120 0.0407
3180 0.04128
3240 0.04157
3300 0.04187
3360 0.04205
3420 0.04229
3480 0.04247
3540 0.04277
3600 0.04272
3660 0.04312
3720 0.04333
3780 0.04369
3840 0.04373
3900 0.04389
3960 0.0442
4020 0.04422
4080 0.04435
4140 0.04468
4200 0.04483
4260 0.04491
4320 0.04514
4380 0.0453
4440 0.04543
4500 0.04561
4560 0.04589
4620 0.04585
4680 0.04629
4740 0.04641
4800 0.04633
4860 0.04639
4920 0.0466
4980 0.04687
5040 0.04689
5100 0.04707
5160 0.04705
5220 0.0472
5280 0.04713
5340 0.04744
5400 0.04728
5460 0.0476
5520 0.04777
5580 0.04751
5640 0.04782
5700 0.04765
5760 0.04802
5820 0.04779
5880 0.04827
5940 0.04795
6000 0.04841
6060 0.0484
6120 0.04836
6180 0.04851
6240 0.04858
6300 0.04871
6360 0.04842
6420 0.04864
6480 0.04845
6540 0.04875
6600 0.04858
6660 0.04882
6720 0.04886
6780 0.04885
6840 0.04892
6900 0.04908
6960 0.04913
7020 0.04902
7080 0.04911
7140 0.0493
7200 0.04894
7260 0.04897
7320 0.04898
7380 0.04929
7440 0.0492
7500 0.04941
7560 0.04938
7620 0.04924
7680 0.04954
7740 0.0495
7800 0.04928
7860 0.04935
7920 0.04934
7980 0.04929
8040 0.0493
8100 0.04971
8160 0.04948
8220 0.04947
8280 0.04966
8340 0.04959
8400 0.0498
8460 0.04973
8520 0.0496
8580 0.04956
8640 0.04988
8700 0.04976
8760 0.04989
8820 0.04949
8880 0.04986
8940 0.04977
9000 0.04981
9060 0.05004
9120 0.05009
9180 0.04976
9240 0.04998
9300 0.05016
9360 0.0499
9420 0.04998
9480 0.04997
9540 0.0499
9600 0.05021
9660 0.05014
9720 0.04981
9780 0.05025
9840 0.05019
9900 0.04989
9960 0.05017
10020 0.0498
10080 0.05025
10140 0.05008
10200 0.05008
10260 0.0498
10320 0.0502
10380 0.04976
10440 0.04987
10500 0.04982
10560 0.05014
10620 0.04985
10680 0.05021
10740 0.05008
10800 0.04977
10860 0.04975
10920 0.04978
10980 0.05005
11040 0.05015
11100 0.04987
11160 0.05017
11220 0.04978
11280 0.05015
11340 0.05021
11400 0.05014
11460 0.0501
11520 0.05017
11580 0.04977
11640 0.04985
11700 0.04981
11760 0.05
11820 0.05012
11880 0.05007
11940 0.05018
12000 0.04983
12060 0.05012
12120 0.04985
12180 0.04989
12240 0.0501
12300 0.05024
12360 0.05006
12420 0.04978
12480 0.05006
12540 0.04977
12600 0.05019
12660 0.0501
12720 0.04984
12780 0.0498
12840 0.04984
12900 0.05024
12960 0.04998
13020 0.05014
13080 0.05007
13140 0.05004
13200 0.04982
13260 0.05022
13320 0.0499
13380 0.05004
13440 0.0501
13500 0.05007
13560 0.05022
13620 0.04982
13680 0.05
13740 0.04995
13800 0.04999
13860 0.04981
13920 0.04982
13980 0.04989
14040 0.0499
14100 0.04996
14160 0.05006
14220 0.05007
14280 0.04996
14340 0.04995
14400 0.04986
14460 0.04986
14520 0.04986
14580 0.04986
14640 0.04986
14700 0.04986
14760 0.04986
14820 0.04986
14880 0.04986
14940 0.04986
15000 0.04986
15060 0.04986
15120 0.04986
15180 0.04986
15240 0.04986
15300 0.04986
15360 0.04986
15420 0.04986
15480 0.04986
15540 0.04986
15600 0.04986
15660 0.04986
15720 0.04986
15780 0.04986
15840 0.04986
15900 0.04986
15960 0.04986
16020 0.04986
16080 0.04986
16140 0.04986
16200 0.04986
16260 0.04986
16320 0.04986
16380 0.04986
16440 0.04986
16500 0.04986
16560 0.04986
16620 0.04986
16680 0.04986
16740 0.04986
16800 0.04986
16860 0.04986
16920 0.04986
16980 0.04986
17040 0.04986
17100 0.04986
17160 0.04986
17220 0.04986
17280 0.04986
17340 0.04986
17400 0.04986
17460 0.04986
17520 0.04986
17580 0.04986
17640 0.04986
17700 0.04986
17760 0.04986
17820 0.04986
17880 0.04986
17940 0.04986
18000 0.04986
18060 0.04986
18120 0.04986
18180 0.04986
18240 0.04986
18300 0.04986
18360 0.04986
18420 0.04986
18480 0.04986
18540 0.04986
18600 0.04986
18660 0.04986
18720 0.04986
18780 0.04986
18840 0.04986
18900 0.04986
18960 0.04986
19020 0.04986
19080 0.04986
19140 0.04986
19200 0.04986
19260 0.04986
19320 0.04986
19380 0.04986
19440 0.04986
19500 0.04986
19560 0.04986
19620 0.04986
19680 0.04986
19740 0.04986
19800 0.04986
19860 0.04986
19920 0.04986
19980 0.04986
20040 0.04986
20100 0.04986
20160 0.04986
20220 0.04986
20280 0.04986
20340 0.04986
20400 0.04986
20460 0.04986
20520 0.04986
20580 0.04986
20640 0.04986
20700 0.04986
20760 0.04986
20820 0.04986
20880 0.04986
20940 0.04986
21000 0.04986
21060 0.04986
21120 0.04986
21180 0.04986
21240 0.04986
21300 0.04986
21360 0.04986
21420 0.04986
21480 0.04986
21540 0.04986
21600 0.04986
21660 0.04986
21720 0.04986
21780 0.04986
21840 0.04986
21900 0.04986
21960 0.04986
22020 0.04986
22080 0.04986
22140 0.04986
22200 0.04986
22260 0.04986
22320 0.04986
22380 0.04986
22440 0.04986
22500 0.04986
22560 0.04986
22620 0.04986
22680 0.04986
22740 0.04986
22800 0.04986
22860 0.04986
22920 0.04986
22980 0.04986
23040 0.04986
23100 0.04986
23160 0.04986
23220 0.04986
23280 0.04986
23340 0.04986
23400 0.04986
23460 0.04986
23520 0.04986
23580 0.04986
23640 0.04986
23700 0.04986
23760 0.04986
23820 0.04986
23880 0.04986
23940 0.04986
24000 0.04986
24060 0.04986
24120 0.04986
24180 0.04986
24240 0.04986
24300 0.04986
24360 0.04986
24420 0.04986
24480 0.04986
24540 0.04986
24600 0.04986
24660 0.04986
24720 0.04986
24780 0.04986
24840 0.04986
24900 0.04986
24960 0.04986
25020 0.04986
25080 0.04986
25140 0.04986
25200 0.04986
25260 0.04986
25320 0.04986
25380 0.04986
25440 0.04986
25500 0.04986
25560 0.04986
25620 0.04986
25680 0.04986
25740 0.04986
25800 0.04986
25860 0.04986
25920 0.04986
25980 0.04986
26040 0.04986
26100 0.04986
26160 0.04986
26220 0.04986
26280 0.04986
26340 0.04986
26400 0.04986
26460 0.04986
26520 0.04986
26580 0.04986
26640 0.04986
26700 0.04986
26760 0.04986
26820 0.04986
26880 0.04986
26940 0.04986
27000 0.04986
27060 0.04986
27120 0.04986
27180 0.04986
27240 0.04986
27300 0.04986
27360 0.04986
27420 0.04986
27480 0.04986
27540 0.04986
27600 0.04986
27660 0.04986
27720 0.04986
27780 0.04986
27840 0.04986
27900 0.04986
27960 0.04986
28020 0.04986
28080 0.04986
28140 0.04986
28200 0.04986
28260 0.04986
28320 0.04986
28380 0.04986
28440 0.04986
28500 0.04986
28560 0.04986
28620 0.04986
28680 0.04986
28740 0.04986
28800 0.04986
28860 0.04986
28920 0.04986
28980 0.04986
29040 0.04986
29100 0.04986
29160 0.04986
29220 0.04986
29280 0.04986
29340 0.04986
29400 0.04986
29460 0.04986
29520 0.04986
29580 0.04986
29640 0.04986
29700 0.04986
29760 0.04986
29820 0.04986
29880 0.04986
29940 0.04986
30000 0.04986
30060 0.04986
30120 0.04986
30180 0.04986
30240 0.04986
30300 0.04986
30360 0.04986
30420 0.04986
30480 0.04986
30540 0.04986
30600 0.04986
30660 0.04986
30720 0.04986
30780 0.04986
30840 0.04986
30900 0.04986
30960 0.04986
31020 0.04986
31080 0.04986
31140 0.04986
31200 0.04986
31260 0.04986
31320 0.04986
31380 0.04986
31440 0.04986
31500 0.04986
31560 0.04986
31620 0.04986
31680 0.04986
31740 0.04986
31800 0.04986
31860 0.04986
31920 0.04986
31980 0.04986
32040 0.04986
32100 0.04986
32160 0.04986
32220 0.04986
32280 0.04986
32340 0.04986
32400 0.04986
32460 0.04986
32520 0.04986
32580 0.04986
32640 0.04986
32700 0.04986
32760 0.04986
32820 0.04986
32880 0.04986
32940 0.04986
33000 0.04986
33060 0.04986
33120 0.04986
33180 0.04986
33240 0.04986
33300 0.04986
33360 0.04986
33420 0.04986
33480 0.04986
33540 0.04986
33600 0.04986
33660 0.04986
33720 0.04986
33780 0.04986
33840 0.04986
33900 0.04986
33960 0.04986
34020 0.04986
34080 0.04986
34140 0.04986
34200 0.04986
34260 0.04986
34320 0.04986
34380 0.04986
34440 0.04986
34500 0.04986
34560 0.04986
34620 0.04986
34680 0.04986
34740 0.04986
34800 0.04986
34860 0.04986
34920 0.04986
34980 0.04986
35040 0.04986
35100 0.04986
35160 0.04986
35220 0.04986
35280 0.04986
35340 0.04986
35400 0.04986
35460 0.04986
35520 0.04986
35580 0.04986
35640 0.04986
35700 0.04986
35760 0.04986
35820 0.04986
35880 0.04986
35940 0.04986
36000 0.04986
36060 0.04986
36120 0.04986
36180 0.04986
36240 0.04986
36300 0.04986
36360 0.04986
36420 0.04986
36480 0.04986
36540 0.04986
36600 0.04986
36660 0.04986
36720 0.04986
36780 0.04986
36840 0.04986
36900 0.04986
36960 0.04986
37020 0.04986
37080 0.04986
37140 0.04986
37200 0.04986
37260 0.04986
37320 0.04986
37380 0.04986
37440 0.04986
37500 0.04986
37560 0.04986
37620 0.04986
37680 0.04986
37740 0.04986
37800 0.04986
37860 0.04986
37920 0.04986
37980 0.04986
38040 0.04986
38100 0.04986
38160 0.04986
38220 0.04986
38280 0.04986
38340 0.04986
38400 0.04986
38460 0.04986
38520 0.04986
38580 0.04986
38640 0.04986
38700 0.04986
38760 0.04986
38820 0.04986
38880 0.04986
38940 0.04986
39000 0.04986
39060 0.04986
39120 0.04986
39180 0.04986
39240 0.04986
39300 0.04986
39360 0.04986
39420 0.04986
39480 0.04986
39540 0.04986
39600 0.04986
39660 0.04986
39720 0.04986
39780 0.04986
39840 0.04986
39900 0.04986
39960 0.04986
40020 0.04986
40080 0.04986
40140 0.04986
40200 0.04986
40260 0.04986
40320 0.04986
40380 0.04986
40440 0.04986
40500 0.04986
40560 0.04986
40620 0.04986
40680 0.04986
40740 0.04986
40800 0.04986
40860 0.04986
40920 0.04986
40980 0.04986
41040 0.04986
41100 0.04986
41160 0.04986
41220 0.04986
41280 0.04986
41340 0.04986
41400 0.04986
41460 0.04986
41520 0.04986
41580 0.04986
41640 0.04986
41700 0.04986
41760 0.04986
41820 0.04986
41880 0.04986
41940 0.04986
42000 0.04986
42060 0.04986
42120 0.04986
42180 0.04986
42240 0.04986
42300 0.04986
42360 0.04986
42420 0.04986
42480 0.04986
42540 0.04986
42600 0.04986
42660 0.04986
42720 0.04986
42780 0.04986
42840 0.04986
42900 0.04986
42960 0.04986
43020 0.04986
43080 0.04986
43140 0.04986
43200 0.04986
43260 0.04986
43320 0.04986
43380 0.04986
43440 0.04986
43500 0.04986
43560 0.04986
43620 0.04986
43680 0.04986
43740 0.04986
43800 0.04986
43860 0.04986
43920 0.04986
43980 0.04986
44040 0.04986
44100 0.04986
44160 0.04986
44220 0.04986
44280 0.04986
44340 0.04986
44400 0.04986
44460 0.04986
44520 0.04986
44580 0.04986
44640 0.04986
44700 0.04986
44760 0.04986
44820 0.04986
44880 0.04986
44940 0.04986
45000 0.04986
45060 0.04986
45120 0.04986
45180 0.04986
45240 0.04986
45300 0.04986
45360 0.04986
45420 0.04986
45480 0.04986
45540 0.04986
45600 0.04986
45660 0.04986
45720 0.04986
45780 0.04986
45840 0.04986
45900 0.04986
45960 0.04986
46020 0.04986
46080 0.04986
46140 0.04986
46200 0.04986
46260 0.04986
46320 0.04986
46380 0.04986
46440 0.04986
46500 0.04986
46560 0.04986
46620 0.04986
46680 0.04986
46740 0.04986
46800 0.04986
46860 0.04986
46920 0.04986
46980 0.04986
47040 0.04986
47100 0.04986
47160 0.04986
47220 0.04986
47280 0.04986
47340 0.04986
47400 0.04986
47460 0.04986
47520 0.04986
47580 0.04986
47640 0.04986
47700 0.04986
47760 0.04986
47820 0.04986
47880 0.04986
47940 0.04986
48000 0.04986
48060 0.04986
48120 0.04986
48180 0.04986
48240 0.04986
48300 0.04986
48360 0.04986
48420 0.04986
48480 0.04986
48540 0.04986
48600 0.04986
48660 0.04986
48720 0.04986
48780 0.04986
48840 0.04986
48900 0.04986
48960 0.04986
49020 0.04986
49080 0.04986
49140 0.04986
49200 0.04986
49260 0.04986
49320 0.04986
49380 0.04986
49440 0.04986
49500 0.04986
49560 0.04986
49620 0.04986
49680 0.04986
49740 0.04986
49800 0.04986
49860 0.04986
49920 0.04986
49980 0.04986
50040 0.04986
50100 0.04986
50160 0.04986
50220 0.04986
50280 0.04986
50340 0.04986
50400 0.04986
50460 0.04986
50520 0.04986
50580 0.04986
50640 0.04986
50700 0.04986
50760 0.04986
50820 0.04986
50880 0.04986
50940 0.04986
51000 0.04986
51060 0.04986
51120 0.04986
51180 0.04986
51240 0.04986
51300 0.04986
51360 0.04986
51420 0.04986
51480 0.04986
51540 0.04986
51600 0.04986
51660 0.04986
51720 0.04986
51780 0.04986
51840 0.04986
51900 0.04986
51960 0.04986
52020 0.04986
52080 0.04986
52140 0.04986
52200 0.04986
52260 0.04986
52320 0.04986
52380 0.04986
52440 0.04986
52500 0.04986
52560 0.04986
52620 0.04986
52680 0.04986
52740 0.04986
52800 0.04986
52860 0.04986
52920 0.04986
52980 0.04986
53040 0.04986
53100 0.04986
53160 0.04986
53220 0.04986
53280 0.04986
53340 0.04986
53400 0.04986
53460 0.04986
53520 0.04986
53580 0.04986
53640 0.04986
53700 0.04986
53760 0.04986
53820 0.04986
53880 0.04986
53940 0.04986
54000 0.04986
54060 0.04986
54120 0.04986
54180 0.04986
54240 0.04986
54300 0.04986
54360 0.04986
54420 0.04986
54480 0.04986
54540 0.04986
54600 0.04986
54660 0.04986
54720 0.04986
54780 0.04986
54840 0.04986
54900 0.04986
54960 0.04986
55020 0.04986
55080 0.04986
55140 0.04986
55200 0.04986
55260 0.04986
55320 0.04986
55380 0.04986
55440 0.04986
55500 0.04986
55560 0.04986
55620 0.04986
55680 0.04986
55740 0.04986
55800 0.04986
55860 0.04986
55920 0.04986
55980 0.04986
56040 0.04986
56100 0.04986
56160 0.04986
56220 0.04986
56280 0.04986
56340 0.04986
56400 0.04986
56460 0.04986
56520 0.04986
56580 0.04986
56640 0.04986
56700 0.04986
56760 0.04986
56820 0.04986
56880 0.04986
56940 0.04986
57000 0.04986
57060 0.04986
57120 0.04986
57180 0.04986
57240 0.04986
57300 0.04986
57360 0.04986
57420 0.04986
57480 0.04986
57540 0.04986
57600 0.04986
57660 0.04986
57720 0.04986
57780 0.04986
57840 0.04986
57900 0.04986
57960 0.04986
58020 0.04986
58080 0.04986
58140 0.04986
58200 0.04986
58260 0.04986
58320 0.04986
58380 0.04986
58440 0.04986
58500 0.04986
58560 0.04986
58620 0.04986
58680 0.04986
58740 0.04986
58800 0.04986
58860 0.04986
58920 0.04986
58980 0.04986
59040 0.04986
59100 0.04986
59160 0.04986
59220 0.04986
59280 0.04986
59340 0.04986
59400 0.04986
59460 0.04986
59520 0.04986
59580 0.04986
59640 0.04986
59700 0.04986
59760 0.04986
59820 0.04986
59880 0.04986
59940 0.04986
60000 0.04986
60060 0.04986
60120 0.04986
60180 0.04986
60240 0.04986
60300 0.04986
60360 0.04986
60420 0.04986
60480 0.04986
60540 0.04986
60600 0.04986
60660 0.04986
60720 0.04986
60780 0.04986
60840 0.04986
60900 0.04986
60960 0.04986
61020 0.04986
61080 0.04986
61140 0.04986
61200 0.04986
61260 0.04986
61320 0.04986
61380 0.04986
61440 0.04986
61500 0.04986
61560 0.04986
61620 0.04986
61680 0.04986
61740 0.04986
61800 0.04986
61860 0.04986
61920 0.04986
61980 0.04986
62040 0.04986
62100 0.04986
62160 0.04986
62220 0.04986
62280 0.04986
62340 0.04986
62400 0.04986
62460 0.04986
62520 0.04986
62580 0.04986
62640 0.04986
62700 0.04986
62760 0.04986
62820 0.04986
62880 0.04986
62940 0.04986
63000 0.04986
63060 0.04986
63120 0.04986
63180 0.04986
63240 0.04986
63300 0.04986
63360 0.04986
63420 0.04986
63480 0.04986
63540 0.04986
63600 0.04986
63660 0.04986
63720 0.04986
63780 0.04986
63840 0.04986
63900 0.04986
63960 0.04986
64020 0.04986
64080 0.04986
64140 0.04986
64200 0.04986
64260 0.04986
64320 0.04986
64380 0.04986
64440 0.04986
64500 0.04986
64560 0.04986
64620 0.04986
64680 0.04986
64740 0.04986
64800 0.04986
64860 0.04986
64920 0.04986
64980 0.04986
65040 0.04986
65100 0.04986
65160 0.04986
65220 0.04986
65280 0.04986
65340 0.04986
65400 0.04986
65460 0.04986
65520 0.04986
65580 0.04986
65640 0.04986
65700 0.04986
65760 0.04986
65820 0.04986
65880 0.04986
65940 0.04986
66000 0.04986
66060 0.04986
66120 0.04986
66180 0.04986
66240 0.04986
66300 0.04986
66360 0.04986
66420 0.04986
66480 0.04986
66540 0.04986
66600 0.04986
66660 0.04986
66720 0.04986
66780 0.04986
66840 0.04986
66900 0.04986
66960 0.04986
67020 0.04986
67080 0.04986
67140 0.04986
67200 0.04986
67260 0.04986
67320 0.04986
67380 0.04986
67440 0.04986
67500 0.04986
67560 0.04986
67620 0.04986
67680 0.04986
67740 0.04986
67800 0.04986
67860 0.04986
67920 0.04986
67980 0.04986
68040 0.04986
68100 0.04986
68160 0.04986
68220 0.04986
68280 0.04986
68340 0.04986
68400 0.04986
68460 0.04986
68520 0.04986
68580 0.04986
68640 0.04986
68700 0.04986
68760 0.04986
68820 0.04986
68880 0.04986
68940 0.04986
69000 0.04986
69060 0.04986
69120 0.04986
69180 0.04986
69240 0.04986
69300 0.04986
69360 0.04986
69420 0.04986
69480 0.04986
69540 0.04986
69600 0.04986
69660 0.04986
69720 0.04986
69780 0.04986
69840 0.04986
69900 0.04986
69960 0.04986
70020 0.04986
70080 0.04986
70140 0.04986
70200 0.04986
70260 0.04986
70320 0.04986
70380 0.04986
70440 0.04986
70500 0.04986
70560 0.04986
70620 0.04986
70680 0.04986
70740 0.04986
70800 0.04986
70860 0.04986
70920 0.04986
70980 0.04986
71040 0.04986
71100 0.04986
71160 0.04986
71220 0.04986
71280 0.04986
71340 0.04986
71400 0.04986
71460 0.04986
71520 0.04986
71580 0.04986
71640 0.04986
71700 0.04986
71760 0.04986
71820 0.04986
71880 0.04986
71940 0.04986
72000 0.04986
72060 0.04986
72120 0.04986
72180 0.04986
72240 0.04986
72300 0.04986
72360 0.04986
72420 0.04986
72480 0.04986
72540 0.04986
72600 0.04986
72660 0.04986
72720 0.04986
72780 0.04986
72840 0.04986
72900 0.04986
72960 0.04986
73020 0.04986
73080 0.04986
73140 0.04986
73200 0.04986
73260 0.04986
73320 0.04986
73380 0.04986
73440 0.04986
73500 0.04986
73560 0.04986
73620 0.04986
73680 0.04986
73740 0.04986
73800 0.04986
73860 0.04986
73920 0.04986
73980 0.04986
74040 0.04986
74100 0.04986
74160 0.04986
74220 0.04986
74280 0.04986
74340 0.04986
74400 0.04986
74460 0.04986
74520 0.04986
74580 0.04986
74640 0.04986
74700 0.04986
74760 0.04986
74820 0.04986
74880 0.04986
74940 0.04986
75000 0.04986
75060 0.04986
75120 0.04986
75180 0.04986
75240 0.04986
75300 0.04986
75360 0.04986
75420 0.04986
75480 0.04986
75540 0.04986
75600 0.04986
75660 0.04986
75720 0.04986
75780 0.04986
75840 0.04986
75900 0.04986
75960 0.04986
76020 0.04986
76080 0.04986
76140 0.04986
76200 0.04986
76260 0.04986
76320 0.04986
76380 0.04986
76440 0.04986
76500 0.04986
76560 0.04986
76620 0.04986
76680 0.04986
76740 0.04986
76800 0.04986
76860 0.04986
76920 0.04986
76980 0.04986
77040 0.04986
77100 0.04986
77160 0.04986
77220 0.04986
77280 0.04986
77340 0.04986
77400 0.04986
77460 0.04986
77520 0.04986
77580 0.04986
77640 0.04986
77700 0.04986
77760 0.04986
77820 0.04986
77880 0.04986
77940 0.04986
78000 0.04986
78060 0.04986
78120 0.04986
78180 0.04986
78240 0.04986
78300 0.04986
78360 0.04986
78420 0.04986
78480 0.04986
78540 0.04986
78600 0.04986
78660 0.04986
78720 0.04986
78780 0.04986
78840 0.04986
78900 0.04986
78960 0.04986
79020 0.04986
79080 0.04986
79140 0.04986
79200 0.04986
79260 0.04986
79320 0.04986
79380 0.04986
79440 0.04986
79500 0.04986
79560 0.04986
79620 0.04986
79680 0.04986
79740 0.04986
79800 0.04986
79860 0.04986
79920 0.04986
79980 0.04986
80040 0.04986
80100 0.04986
80160 0.04986
80220 0.04986
80280 0.04986
80340 0.04986
80400 0.04986
80460 0.04986
80520 0.04986
80580 0.04986
80640 0.04986
80700 0.04986
80760 0.04986
80820 0.04986
80880 0.04986
80940 0.04986
81000 0.04986
81060 0.04986
81120 0.04986
81180 0.04986
81240 0.04986
81300 0.04986
81360 0.04986
81420 0.04986
81480 0.04986
81540 0.04986
81600 0.04986
81660 0.04986
81720 0.04986
81780 0.04986
81840 0.04986
81900 0.04986
81960 0.04986
82020 0.04986
82080 0.04986
82140 0.04986
82200 0.04986
82260 0.04986
82320 0.04986
82380 0.04986
82440 0.04986
82500 0.04986
82560 0.04986
82620 0.04986
82680 0.04986
82740 0.04986
82800 0.04986
82860 0.04986
82920 0.04986
82980 0.04986
83040 0.04986
83100 0.04986
83160 0.04986
83220 0.04986
83280 0.04986
83340 0.04986
83400 0.04986
83460 0.04986
83520 0.04986
83580 0.04986
83640 0.04986
83700 0.04986
83760 0.04986
83820 0.04986
83880 0.04986
83940 0.04986
84000 0.04986
84060 0.04986
84120 0.04986
84180 0.04986
84240 0.04986
84300 0.04986
84360 0.04986
84420 0.04986
84480 0.04986
84540 0.04986
84600 0.04986
84660 0.04986
84720 0.04986
84780 0.04986
84840 0.04986
84900 0.04986
84960 0.04986
85020 0.04986
85080 0.04986
85140 0.04986
85200 0.04986
85260 0.04986
85320 0.04986
85380 0.04986
85440 0.04986
85500 0.04986
85560 0.04986
85620 0.04986
85680 0.04986
85740 0.04986
85800 0.04986
85860 0.04986
85920 0.04986
85980 0.04986
86040 0.04986
86100 0.04986
86160 0.04986
86220 0.04986
86280 0.04986
86340 0.04986
86400 0.04986
86460 0.04986
86520 0.04986
86580 0.04986
86640 0.04986
86700 0.04986
86760 0.04986
86820 0.04986
86880 0.04986
86940 0.04986
87000 0.04986
87060 0.04986
87120 0.04986
87180 0.04986
87240 0.04986
87300 0.04986
87360 0.04986
87420 0.04986
87480 0.04986
87540 0.04986
87600 0.04986
87660 0.04986
87720 0.04986
87780 0.04986
87840 0.04986
87900 0.04986
87960 0.04986
88020 0.04986
88080 0.04986
88140 0.04986
88200 0.04986
88260 0.04986
88320 0.04986
88380 0.04986
88440 0.04986
88500 0.04986
88560 0.04986
88620 0.04986
88680 0.04986
88740 0.04986
88800 0.04986
88860 0.04986
88920 0.04986
88980 0.04986
89040 0.04986
89100 0.04986
89160 0.04986
89220 0.04986
89280 0.04986
89340 0.04986
89400 0.04986
89460 0.04986
89520 0.04986
89580 0.04986
89640 0.04986
89700 0.04986
89760 0.04986
89820 0.04986
89880 0.04986
89940 0.04986
90000 0.04986
90060 0.04986
90120 0.04986
90180 0.04986
90240 0.04986
90300 0.04986
90360 0.04986
90420 0.04986
90480 0.04986
90540 0.04986
90600 0.04986
90660 0.04986
90720 0.04986
90780 0.04986
90840 0.04986
90900 0.04986
90960 0.04986
91020 0.04986
91080 0.04986
91140 0.04986
91200 0.04986
91260 0.04986
91320 0.04986
91380 0.04986
91440 0.04986
91500 0.04986
91560 0.04986
91620 0.04986
91680 0.04986
91740 0.04986
91800 0.04986
91860 0.04986
91920 0.04986
91980 0.04986
92040 0.04986
92100 0.04986
92160 0.04986
92220 0.04986
92280 0.04986
92340 0.04986
92400 0.04986
92460 0.04986
92520 0.04986
92580 0.04986
92640 0.04986
92700 0.04986
92760 0.04986
92820 0.04986
92880 0.04986
92940 0.04986
93000 0.04986
93060 0.04986
93120 0.04986
93180 0.04986
93240 0.04986
93300 0.04986
93360 0.04986
93420 0.04986
93480 0.04986
93540 0.04986
93600 0.04986
93660 0.04986
93720 0.04986
93780 0.04986
93840 0.04986
93900 0.04986
93960 0.04986
94020 0.04986
94080 0.04986
94140 0.04986
94200 0.04986
94260 0.04986
94320 0.04986
94380 0.04986
94440 0.04986
94500 0.04986
94560 0.04986
94620 0.04986
94680 0.04986
94740 0.04986
94800 0.04986
94860 0.04986
94920 0.04986
94980 0.04986
95040 0.04986
95100 0.04986
95160 0.04986
95220 0.04986
95280 0.04986
95340 0.04986
95400 0.04986
95460 0.04986
95520 0.04986
95580 0.04986
95640 0.04986
95700 0.04986
95760 0.04986
95820 0.04986
95880 0.04986
95940 0.04986
96000 0.04986
96060 0.04986
96120 0.04986
96180 0.04986
96240 0.04986
96300 0.04986
96360 0.04986
96420 0.04986
96480 0.04986
96540 0.04986
96600 0.04986
96660 0.04986
96720 0.04986
96780 0.04986
96840 0.04986
96900 0.04986
96960 0.04986
97020 0.04986
97080 0.04986
97140 0.04986
97200 0.04986
97260 0.04986
97320 0.04986
97380 0.04986
97440 0.04986
97500 0.04986
97560 0.04986
97620 0.04986
97680 0.04986
97740 0.04986
97800 0.04986
97860 0.04986
97920 0.04986
97980 0.04986
98040 0.04986
98100 0.04986
98160 0.04986
98220 0.04986
98280 0.04986
98340 0.04986
98400 0.04986
98460 0.04986
98520 0.04986
98580 0.04986
98640 0.04986
98700 0.04986
98760 0.04986
98820 0.04986
98880 0.04986
98940 0.04986
99000 0.04986
99060 0.04986
99120 0.04986
99180 0.04986
99240 0.04986
99300 0.04986
99360 0.04986
99420 0.04986
99480 0.04986
99540 0.04986
99600 0.04986
99660 0.04986
99720 0.04986
99780 0.04986
99840 0.04986
99900 0.04986
99960 0.04986
100020 0.04986
100080 0.04986
100140 0.04986
100200 0.04986
100260 0.04986
100320 0.04986
100380 0.04986
100440 0.04986
100500 0.04986
100560 0.04986
100620 0.04986
100680 0.04986
100740 0.04986
100800 0.04986
100860 0.04986
100920 0.04986
100980 0.04986
101040 0.04986
101100 0.04986
101160 0.04986
101220 0.04986
101280 0.04986
101340 0.04986
101400 0.04986
101460 0.04986
101520 0.04986
101580 0.04986
101640 0.04986
101700 0.04986
101760 0.04986
101820 0.04986
101880 0.04986
101940 0.04986
102000 0.04986
102060 0.04986
102120 0.04986
102180 0.04986
102240 0.04986
102300 0.04986
102360 0.04986
102420 0.04986
102480 0.04986
102540 0.04986
102600 0.04986
102660 0.04986
102720 0.04986
102780 0.04986
102840 0.04986
102900 0.04986
102960 0.04986
103020 0.04986
103080 0.04986
103140 0.04986
103200 0.04986
103260 0.04986
103320 0.04986
103380 0.04986
103440 0.04986
103500 0.04986
103560 0.04986
103620 0.04986
103680 0.04986
103740 0.04986
103800 0.04986
103860 0.04986
103920 0.04986
103980 0.04986
104040 0.04986
104100 0.04986
104160 0.04986
104220 0.04986
104280 0.04986
104340 0.04986
104400 0.04986
104460 0.04986
104520 0.04986
104580 0.04986
104640 0.04986
104700 0.04986
104760 0.04986
104820 0.04986
104880 0.04986
104940 0.04986
105000 0.04986
105060 0.04986
105120 0.04986
105180 0.04986
105240 0.04986
105300 0.04986
105360 0.04986
105420 0.04986
105480 0.04986
105540 0.04986
105600 0.04986
105660 0.04986
105720 0.04986
105780 0.04986
105840 0.04986
105900 0.04986
105960 0.04986
106020 0.04986
106080 0.04986
106140 0.04986
106200 0.04986
106260 0.04986
106320 0.04986
106380 0.04986
106440 0.04986
106500 0.04986
106560 0.04986
106620 0.04986
106680 0.04986
106740 0.04986
106800 0.04986
106860 0.04986
106920 0.04986
106980 0.04986
107040 0.04986
107100 0.04986
107160 0.04986
107220 0.04986
107280 0.04986
107340 0.04986
107400 0.04986
107460 0.04986
107520 0.04986
107580 0.04986
107640 0.04986
107700 0.04986
107760 0.04986
107820 0.04986
107880 0.04986
107940 0.04986
108000 0.04986
108060 0.04986
108120 0.04986
108180 0.04986
108240 0.04986
108300 0.04986
108360 0.04986
108420 0.04986
108480 0.04986
108540 0.04986
108600 0.04986
108660 0.04986
108720 0.04986
108780 0.04986
108840 0.04986
108900 0.04986
108960 0.04986
109020 0.04986
109080 0.04986
109140 0.04986
109200 0.04986
109260 0.04986
109320 0.04986
109380 0.04986
109440 0.04986
109500 0.04986
109560 0.04986
109620 0.04986
109680 0.04986
109740 0.04986
109800 0.04986
109860 0.04986
109920 0.04986
109980 0.04986
110040 0.04986
110100 0.04986
110160 0.04986
110220 0.04986
110280 0.04986
110340 0.04986
110400 0.04986
110460 0.04986
110520 0.04986
110580 0.04986
110640 0.04986
110700 0.04986
110760 0.04986
110820 0.04986
110880 0.04986
110940 0.04986
111000 0.04986
111060 0.04986
111120 0.04986
111180 0.04986
111240 0.04986
111300 0.04986
111360 0.04986
111420 0.04986
111480 0.04986
111540 0.04986
111600 0.04986
111660 0.04986
111720 0.04986
111780 0.04986
111840 0.04986
111900 0.04986
111960 0.04986
112020 0.04986
112080 0.04986
112140 0.04986
112200 0.04986
112260 0.04986
112320 0.04986
112380 0.04986
112440 0.04986
112500 0.04986
112560 0.04986
112620 0.04986
112680 0.04986
112740 0.04986
112800 0.04986
112860 0.04986
112920 0.04986
112980 0.04986
113040 0.04986
113100 0.04986
113160 0.04986
113220 0.04986
113280 0.04986
113340 0.04986
113400 0.04986
113460 0.04986
113520 0.04986
113580 0.04986
113640 0.04986
113700 0.04986
113760 0.04986
113820 0.04986
113880 0.04986
113940 0.04986
114000 0.04986
114060 0.04986
114120 0.04986
114180 0.04986
114240 0.04986
114300 0.04986
114360 0.04986
114420 0.04986
114480 0.04986
114540 0.04986
114600 0.04986
114660 0.04986
114720 0.04986
114780 0.04986
114840 0.04986
114900 0.04986
114960 0.04986
115020 0.04986
115080 0.04986
115140 0.04986
115200 0.04986
115260 0.04986
115320 0.04986
115380 0.04986
115440 0.04986
115500 0.04986
115560 0.04986
115620 0.04986
115680 0.04986
115740 0.04986
115800 0.04986
115860 0.04986
115920 0.04986
115980 0.04986
116040 0.04986
116100 0.04986
116160 0.04986
116220 0.04986
116280 0.04986
116340 0.04986
116400 0.04986
116460 0.04986
116520 0.04986
116580 0.04986
116640 0.04986
116700 0.04986
116760 0.04986
116820 0.04986
116880 0.04986
116940 0.04986
117000 0.04986
117060 0.04986
117120 0.04986
117180 0.04986
117240 0.04986
117300 0.04986
117360 0.04986
117420 0.04986
117480 0.04986
117540 0.04986
117600 0.04986
117660 0.04986
117720 0.04986
117780 0.04986
117840 0.04986
117900 0.04986
117960 0.04986
118020 0.04986
118080 0.04986
118140 0.04986
118200 0.04986
118260 0.04986
118320 0.04986
118380 0.04986
118440 0.04986
118500 0.04986
118560 0.04986
118620 0.04986
118680 0.04986
118740 0.04986
118800 0.04986
118860 0.04986
118920 0.04986
118980 0.04986
119040 0.04986
119100 0.04986
119160 0.04986
119220 0.04986
119280 0.04986
119340 0.04986
119400 0.04986
119460 0.04986
119520 0.04986
119580 0.04986
119640 0.04986
119700 0.04986
119760 0.04986
119820 0.04986
119880 0.04986
119940 0.04986
120000 0.04986
120060 0.04986
120120 0.04986
120180 0.04986
120240 0.04986
120300 0.04986
120360 0.04986
120420 0.04986
120480 0.04986
120540 0.04986
120600 0.04986
120660 0.04986
120720 0.04986
120780 0.04986
120840 0.04986
120900 0.04986
120960 0.04986
121020 0.04986
121080 0.04986
121140 0.04986
121200 0.04986
121260 0.04986
121320 0.04986
121380 0.04986
121440 0.04986
121500 0.04986
121560 0.04986
121620 0.04986
121680 0.04986
121740 0.04986
121800 0.04986
121860 0.04986
121920 0.04986
121980 0.04986
122040 0.04986
122100 0.04986
122160 0.04986
122220 0.04986
122280 0.04986
122340 0.04986
122400 0.04986
122460 0.04986
122520 0.04986
122580 0.04986
122640 0.04986
122700 0.04986
122760 0.04986
122820 0.04986
122880 0.04986
122940 0.04986
123000 0.04986
123060 0.04986
123120 0.04986
123180 0.04986
123240 0.04986
123300 0.04986
123360 0.04986
123420 0.04986
123480 0.04986
123540 0.04986
123600 0.04986
123660 0.04986
123720 0.04986
123780 0.04986
123840 0.04986
123900 0.04986
123960 0.04986
124020 0.04986
124080 0.04986
124140 0.04986
124200 0.04986
124260 0.04986
124320 0.04986
124380 0.04986
124440 0.04986
124500 0.04986
124560 0.04986
124620 0.04986
124680 0.04986
124740 0.04986
124800 0.04986
124860 0.04986
124920 0.04986
124980 0.04986
125040 0.04986
125100 0.04986
125160 0.04986
125220 0.04986
125280 0.04986
125340 0.04986
125400 0.04986
125460 0.04986
125520 0.04986
125580 0.04986
125640 0.04986
125700 0.04986
125760 0.04986
125820 0.04986
125880 0.04986
125940 0.04986
126000 0.04986
126060 0.04986
126120 0.04986
126180 0.04986
126240 0.04986
126300 0.04986
126360 0.04986
126420 0.04986
126480 0.04986
126540 0.04986
126600 0.04986
126660 0.04986
126720 0.04986
126780 0.04986
126840 0.04986
126900 0.04986
126960 0.04986
127020 0.04986
127080 0.04986
127140 0.04986
127200 0.04986
127260 0.04986
127320 0.04986
127380 0.04986
127440 0.04986
127500 0.04986
127560 0.04986
127620 0.04986
127680 0.04986
127740 0.04986
127800 0.04986
127860 0.04986
127920 0.04986
127980 0.04986
128040 0.04986
128100 0.04986
128160 0.04986
128220 0.04986
128280 0.04986
128340 0.04986
128400 0.04986
128460 0.04986
128520 0.04986
128580 0.04986
128640 0.04986
128700 0.04986
128760 0.04986
128820 0.04986
128880 0.04986
128940 0.04986
129000 0.04986
129060 0.04986
129120 0.04986
129180 0.04986
129240 0.04986
129300 0.04986
129360 0.04986
129420 0.04986
129480 0.04986
129540 0.04986
129600 0.04986
129660 0.04986
129720 0.04986
129780 0.04986
129840 0.04986
129900 0.04986
129960 0.04986
130020 0.04986
130080 0.04986
130140 0.04986
130200 0.04986
130260 0.04986
130320 0.04986
130380 0.04986
130440 0.04986
130500 0.04986
130560 0.04986
130620 0.04986
130680 0.04986
130740 0.04986
130800 0.04986
130860 0.04986
130920 0.04986
130980 0.04986
131040 0.04986
131100 0.04986
131160 0.04986
131220 0.04986
131280 0.04986
131340 0.04986
131400 0.04986
131460 0.04986
131520 0.04986
131580 0.04986
131640 0.04986
131700 0.04986
131760 0.04986
131820 0.04986
131880 0.04986
131940 0.04986
132000 0.04986
132060 0.04986
132120 0.04986
132180 0.04986
132240 0.04986
132300 0.04986
132360 0.04986
132420 0.04986
132480 0.04986
132540 0.04986
132600 0.04986
132660 0.04986
132720 0.04986
132780 0.04986
132840 0.04986
132900 0.04986
132960 0.04986
133020 0.04986
133080 0.04986
133140 0.04986
133200 0.04986
133260 0.04986
133320 0.04986
133380 0.04986
133440 0.04986
133500 0.04986
133560 0.04986
133620 0.04986
133680 0.04986
133740 0.04986
133800 0.04986
133860 0.04986
133920 0.04986
133980 0.04986
134040 0.04986
134100 0.04986
134160 0.04986
134220 0.04986
134280 0.04986
134340 0.04986
134400 0.04986
134460 0.04986
134520 0.04986
134580 0.04986
134640 0.04986
134700 0.04986
134760 0.04986
134820 0.04986
134880 0.04986
134940 0.04986
135000 0.04986
135060 0.04986
135120 0.04986
135180 0.04986
135240 0.04986
135300 0.04986
135360 0.04986
135420 0.04986
135480 0.04986
135540 0.04986
135600 0.04986
135660 0.04986
135720 0.04986
135780 0.04986
135840 0.04986
135900 0.04986
135960 0.04986
136020 0.04986
136080 0.04986
136140 0.04986
136200 0.04986
136260 0.04986
136320 0.04986
136380 0.04986
136440 0.04986
136500 0.04986
136560 0.04986
136620 0.04986
136680 0.04986
136740 0.04986
136800 0.04986
136860 0.04986
136920 0.04986
136980 0.04986
137040 0.04986
137100 0.04986
137160 0.04986
137220 0.04986
137280 0.04986
137340 0.04986
137400 0.04986
137460 0.04986
137520 0.04986
137580 0.04986
137640 0.04986
137700 0.04986
137760 0.04986
137820 0.04986
137880 0.04986
137940 0.04986
138000 0.04986
138060 0.04986
138120 0.04986
138180 0.04986
138240 0.04986
138300 0.04986
138360 0.04986
138420 0.04986
138480 0.04986
138540 0.04986
138600 0.04986
138660 0.04986
138720 0.04986
138780 0.04986
138840 0.04986
138900 0.04986
138960 0.04986
139020 0.04986
139080 0.04986
139140 0.04986
139200 0.04986
139260 0.04986
139320 0.04986
139380 0.04986
139440 0.04986
139500 0.04986
139560 0.04986
139620 0.04986
139680 0.04986
139740 0.04986
139800 0.04986
139860 0.04986
139920 0.04986
139980 0.04986
140040 0.04986
140100 0.04986
140160 0.04986
140220 0.04986
140280 0.04986
140340 0.04986
140400 0.04986
140460 0.04986
140520 0.04986
140580 0.04986
140640 0.04986
140700 0.04986
140760 0.04986
140820 0.04986
140880 0.04986
140940 0.04986
141000 0.04986
141060 0.04986
141120 0.04986
141180 0.04986
141240 0.04986
141300 0.04986
141360 0.04986
141420 0.04986
141480 0.04986
141540 0.04986
141600 0.04986
141660 0.04986
141720 0.04986
141780 0.04986
141840 0.04986
141900 0.04986
141960 0.04986
142020 0.04986
142080 0.04986
142140 0.04986
142200 0.04986
142260 0.04986
142320 0.04986
142380 0.04986
142440 0.04986
142500 0.04986
142560 0.04986
142620 0.04986
142680 0.04986
142740 0.04986
142800 0.04986
142860 0.04986
142920 0.04986
142980 0.04986
143040 0.04986
143100 0.04986
143160 0.04986
143220 0.04986
143280 0.04986
143340 0.04986
143400 0.04986
143460 0.04986
143520 0.04986
143580 0.04986
143640 0.04986
143700 0.04986
143760 0.04986
143820 0.04986
143880 0.04986
143940 0.04986
144000 0.04986
144060 0.04986
144120 0.04986
144180 0.04986
144240 0.04986
144300 0.04986
144360 0.04986
144420 0.04986
144480 0.04986
144540 0.04986
144600 0.04986
144660 0.04986
144720 0.04986
144780 0.04986
144840 0.04986
144900 0.04986
144960 0.04986
145020 0.04986
145080 0.04986
145140 0.04986
145200 0.04986
145260 0.04986
145320 0.04986
145380 0.04986
145440 0.04986
145500 0.04986
145560 0.04986
145620 0.04986
145680 0.04986
145740 0.04986
145800 0.04986
145860 0.04986
145920 0.04986
145980 0.04986
146040 0.04986
146100 0.04986
146160 0.04986
146220 0.04986
146280 0.04986
146340 0.04986
146400 0.04986
146460 0.04986
146520 0.04986
146580 0.04986
146640 0.04986
146700 0.04986
146760 0.04986
146820 0.04986
146880 0.04986
146940 0.04986
147000 0.04986
147060 0.04986
147120 0.04986
147180 0.04986
147240 0.04986
147300 0.04986
147360 0.04986
147420 0.04986
147480 0.04986
147540 0.04986
147600 0.04986
147660 0.04986
147720 0.04986
147780 0.04986
147840 0.04986
147900 0.04986
147960 0.04986
148020 0.04986
148080 0.04986
148140 0.04986
148200 0.04986
148260 0.04986
148320 0.04986
148380 0.04986
148440 0.04986
148500 0.04986
148560 0.04986
148620 0.04986
148680 0.04986
148740 0.04986
148800 0.04986
148860 0.04986
148920 0.04986
148980 0.04986
149040 0.04986
149100 0.04986
149160 0.04986
149220 0.04986
149280 0.04986
149340 0.04986
149400 0.04986
149460 0.04986
149520 0.04986
149580 0.04986
149640 0.04986
149700 0.04986
149760 0.04986
149820 0.04986
149880 0.04986
149940 0.04986
150000 0.04986
150060 0.04986
150120 0.04986
150180 0.04986
150240 0.04986
150300 0.04986
150360 0.04986
150420 0.04986
150480 0.04986
150540 0.04986
150600 0.04986
150660 0.04986
150720 0.04986
150780 0.04986
150840 0.04986
150900 0.04986
150960 0.04986
151020 0.04986
151080 0.04986
151140 0.04986
151200 0.04986
151260 0.04986
151320 0.04986
151380 0.04986
151440 0.04986
151500 0.04986
151560 0.04986
151620 0.04986
151680 0.04986
151740 0.04986
151800 0.04986
151860 0.04986
151920 0.04986
151980 0.04986
152040 0.04986
152100 0.04986
152160 0.04986
152220 0.04986
152280 0.04986
152340 0.04986
152400 0.04986
152460 0.04986
152520 0.04986
152580 0.04986
152640 0.04986
152700 0.04986
152760 0.04986
152820 0.04986
152880 0.04986
152940 0.04986
153000 0.04986
153060 0.04986
153120 0.04986
153180 0.04986
153240 0.04986
153300 0.04986
153360 0.04986
153420 0.04986
153480 0.04986
153540 0.04986
153600 0.04986
153660 0.04986
153720 0.04986
153780 0.04986
153840 0.04986
153900 0.04986
153960 0.04986
154020 0.04986
154080 0.04986
154140 0.04986
154200 0.04986
154260 0.04986
154320 0.04986
154380 0.04986
154440 0.04986
154500 0.04986
154560 0.04986
154620 0.04986
154680 0.04986
154740 0.04986
154800 0.04986
154860 0.04986
154920 0.04986
154980 0.04986
155040 0.04986
155100 0.04986
155160 0.04986
155220 0.04986
155280 0.04986
155340 0.04986
155400 0.04986
155460 0.04986
155520 0.04986
155580 0.04986
155640 0.04986
155700 0.04986
155760 0.04986
155820 0.04986
155880 0.04986
155940 0.04986
156000 0.04986
156060 0.04986
156120 0.04986
156180 0.04986
156240 0.04986
156300 0.04986
156360 0.04986
156420 0.04986
156480 0.04986
156540 0.04986
156600 0.04986
156660 0.04986
156720 0.04986
156780 0.04986
156840 0.04986
156900 0.04986
156960 0.04986
157020 0.04986
157080 0.04986
157140 0.04986
157200 0.04986
157260 0.04986
157320 0.04986
157380 0.04986
157440 0.04986
157500 0.04986
157560 0.04986
157620 0.04986
157680 0.04986
157740 0.04986
157800 0.04986
157860 0.04986
157920 0.04986
157980 0.04986
158040 0.04986
158100 0.04986
158160 0.04986
158220 0.04986
158280 0.04986
158340 0.04986
158400 0.04986
158460 0.04986
158520 0.04986
158580 0.04986
158640 0.04986
158700 0.04986
158760 0.04986
158820 0.04986
158880 0.04986
158940 0.04986
159000 0.04986
159060 0.04986
159120 0.04986
159180 0.04986
159240 0.04986
159300 0.04986
159360 0.04986
159420 0.04986
159480 0.04986
159540 0.04986
159600 0.04986
159660 0.04986
159720 0.04986
159780 0.04986
159840 0.04986
159900 0.04986
159960 0.04986
160020 0.04986
160080 0.04986
160140 0.04986
160200 0.04986
160260 0.04986
160320 0.04986
160380 0.04986
160440 0.04986
160500 0.04986
160560 0.04986
160620 0.04986
160680 0.04986
160740 0.04986
160800 0.04986
160860 0.04986
160920 0.04986
160980 0.04986
161040 0.04986
161100 0.04986
161160 0.04986
161220 0.04986
161280 0.04986
161340 0.04986
161400 0.04986
161460 0.04986
161520 0.04986
161580 0.04986
161640 0.04986
161700 0.04986
161760 0.04986
161820 0.04986
161880 0.04986
161940 0.04986
162000 0.04986
162060 0.04986
162120 0.04986
162180 0.04986
162240 0.04986
162300 0.04986
162360 0.04986
162420 0.04986
162480 0.04986
162540 0.04986
162600 0.04986
162660 0.04986
162720 0.04986
162780 0.04986
162840 0.04986
162900 0.04986
162960 0.04986
163020 0.04986
163080 0.04986
163140 0.04986
163200 0.04986
163260 0.04986
163320 0.04986
163380 0.04986
163440 0.04986
163500 0.04986
163560 0.04986
163620 0.04986
163680 0.04986
163740 0.04986
163800 0.04986
163860 0.04986
163920 0.04986
163980 0.04986
164040 0.04986
164100 0.04986
164160 0.04986
164220 0.04986
164280 0.04986
164340 0.04986
164400 0.04986
164460 0.04986
164520 0.04986
164580 0.04986
164640 0.04986
164700 0.04986
164760 0.04986
164820 0.04986
164880 0.04986
164940 0.04986
165000 0.04986
165060 0.04986
165120 0.04986
165180 0.04986
165240 0.04986
165300 0.04986
165360 0.04986
165420 0.04986
165480 0.04986
165540 0.04986
165600 0.04986
165660 0.04986
165720 0.04986
165780 0.04986
165840 0.04986
165900 0.04986
165960 0.04986
166020 0.04986
166080 0.04986
166140 0.04986
166200 0.04986
166260 0.04986
166320 0.04986
166380 0.04986
166440 0.04986
166500 0.04986
166560 0.04986
166620 0.04986
166680 0.04986
166740 0.04986
166800 0.04986
166860 0.04986
166920 0.04986
166980 0.04986
167040 0.04986
167100 0.04986
167160 0.04986
167220 0.04986
167280 0.04986
167340 0.04986
167400 0.04986
167460 0.04986
167520 0.04986
167580 0.04986
167640 0.04986
167700 0.04986
167760 0.04986
167820 0.04986
167880 0.04986
167940 0.04986
168000 0.04986
168060 0.04986
168120 0.04986
168180 0.04986
168240 0.04986
168300 0.04986
168360 0.04986
168420 0.04986
168480 0.04986
168540 0.04986
168600 0.04986
168660 0.04986
168720 0.04986
168780 0.04986
168840 0.04986
168900 0.04986
168960 0.04986
169020 0.04986
169080 0.04986
169140 0.04986
169200 0.04986
169260 0.04986
169320 0.04986
169380 0.04986
169440 0.04986
169500 0.04986
169560 0.04986
169620 0.04986
169680 0.04986
169740 0.04986
169800 0.04986
169860 0.04986
169920 0.04986
169980 0.04986
170040 0.04986
170100 0.04986
170160 0.04986
170220 0.04986
170280 0.04986
170340 0.04986
170400 0.04986
170460 0.04986
170520 0.04986
170580 0.04986
170640 0.04986
170700 0.04986
170760 0.04986
170820 0.04986
170880 0.04986
170940 0.04986
171000 0.04986
171060 0.04986
171120 0.04986
171180 0.04986
171240 0.04986
171300 0.04986
171360 0.04986
171420 0.04986
171480 0.04986
171540 0.04986
171600 0.04986
171660 0.04986
171720 0.04986
171780 0.04986
171840 0.04986
171900 0.04986
171960 0.04986
172020 0.04986
172080 0.04986
172140 0.04986
172200 0.04986
172260 0.04986
172320 0.04986
172380 0.04986
172440 0.04986
172500 0.04986
172560 0.04986
172620 0.04986
172680 0.04986
172740 0.04986
172800 0.04986
172860 0.04986
172920 0.04986
172980 0.04986
173040 0.04986
173100 0.04986
173160 0.04986
173220 0.04986
173280 0.04986
173340 0.04986
173400 0.04986
173460 0.04986
173520 0.04986
173580 0.04986
173640 0.04986
173700 0.04986
173760 0.04986
173820 0.04986
173880 0.04986
173940 0.04986
174000 0.04986
174060 0.04986
174120 0.04986
174180 0.04986
174240 0.04986
174300 0.04986
174360 0.04986
174420 0.04986
174480 0.04986
174540 0.04986
174600 0.04986
174660 0.04986
174720 0.04986
174780 0.04986
174840 0.04986
174900 0.04986
174960 0.04986
175020 0.04986
175080 0.04986
175140 0.04986
175200 0.04986
175260 0.04986
175320 0.04986
175380 0.04986
175440 0.04986
175500 0.04986
175560 0.04986
175620 0.04986
175680 0.04986
175740 0.04986
175800 0.04986
175860 0.04986
175920 0.04986
175980 0.04986
176040 0.04986
176100 0.04986
176160 0.04986
176220 0.04986
176280 0.04986
176340 0.04986
176400 0.04986
176460 0.04986
176520 0.04986
176580 0.04986
176640 0.04986
176700 0.04986
176760 0.04986
176820 0.04986
176880 0.04986
176940 0.04986
177000 0.04986
177060 0.04986
177120 0.04986
177180 0.04986
177240 0.04986
177300 0.04986
177360 0.04986
177420 0.04986
177480 0.04986
177540 0.04986
177600 0.04986
177660 0.04986
177720 0.04986
177780 0.04986
177840 0.04986
177900 0.04986
177960 0.04986
178020 0.04986
178080 0.04986
178140 0.04986
178200 0.04986
178260 0.04986
178320 0.04986
178380 0.04986
178440 0.04986
178500 0.04986
178560 0.04986
178620 0.04986
178680 0.04986
178740 0.04986
178800 0.04986
178860 0.04986
178920 0.04986
178980 0.04986
179040 0.04986
179100 0.04986
179160 0.04986
179220 0.04986
179280 0.04986
179340 0.04986
179400 0.04986
179460 0.04986
179520 0.04986
179580 0.04986
179640 0.04986
179700 0.04986
179760 0.04986
179820 0.04986
179880 0.04986
179940 0.04986
180000 0.04986
180060 0.04986
180120 0.04986
180180 0.04986
180240 0.04986
180300 0.04986
180360 0.04986
180420 0.04986
180480 0.04986
180540 0.04986
180600 0.04986
180660 0.04986
180720 0.04986
180780 0.04986
180840 0.04986
180900 0.04986
180960 0.04986
181020 0.04986
181080 0.04986
181140 0.04986
181200 0.04986
181260 0.04986
181320 0.04986
181380 0.04986
181440 0.04986
181500 0.04986
181560 0.04986
181620 0.04986
181680 0.04986
181740 0.04986
181800 0.04986
181860 0.04986
181920 0.04986
181980 0.04986
182040 0.04986
182100 0.04986
182160 0.04986
182220 0.04986
182280 0.04986
182340 0.04986
182400 0.04986
182460 0.04986
182520 0.04986
182580 0.04986
182640 0.04986
182700 0.04986
182760 0.04986
182820 0.04986
182880 0.04986
182940 0.04986
183000 0.04986
