0 28
60 28.528
120 29.192
180 29.684
240 30.037
300 30.834
360 31.293
420 31.82
480 32.121
540 32.73
600 33.202
660 33.879
720 34.268
780 34.806
840 35.142
900 35.524
960 36.091
1020 36.354
1080 37.067
1140 37.419
1200 37.882
1260 38.134
1320 38.767
1380 39.125
1440 39.458
1500 39.595
1560 40.061
1620 40.238
1680 40.621
1740 41.166
1800 41.513
1860 41.918
1920 41.952
1980 42.263
2040 42.589
2100 42.745
2160 42.985
2220 43.393
2280 43.534
2340 43.97
2400 44.102
2460 44.503
2520 44.663
2580 44.701
2640 45.138
2700 45.323
2760 45.324
2820 45.462
2880 45.818
2940 45.739
3000 45.93
3060 45.999
3120 46.512
3180 46.602
3240 46.761
3300 46.933
3360 46.912
3420 47.089
3480 47.008
3540 47.111
3600 47.485
3660 47.498
3720 47.646
3780 47.84
3840 47.873
3900 47.926
3960 48.016
4020 47.977
4080 47.926
4140 48.199
4200 48.166
4260 48.331
4320 48.615
4380 48.38
4440 48.357
4500 48.526
4560 48.59
4620 48.825
4680 48.827
4740 48.988
4800 48.979
4860 48.9
4920 49.144
4980 48.87
5040 48.84
5100 48.913
5160 49.261
5220 49.169
5280 49.056
5340 49.257
5400 49.116
5460 49.415
5520 49.321
5580 49.317
5640 49.304
5700 49.492
5760 49.384
5820 49.272
5880 49.31
5940 49.749
6000 49.743
6060 49.66
6120 49.463
6180 49.83
6240 49.753
6300 49.739
6360 49.622
6420 49.55
6480 49.477
6540 49.891
6600 49.683
6660 49.569
6720 49.633
6780 49.781
6840 49.592
6900 49.941
6960 49.902
7020 49.892
7080 49.759
7140 49.865
7200 49.852
7260 49.893
7320 49.619
7380 49.792
7440 49.612
7500 49.845
7560 49.77
7620 49.683
7680 49.669
7740 49.916
7800 49.714
7860 50.095
7920 49.929
7980 49.817
8040 49.943
8100 49.664
8160 50.135
8220 49.902
8280 50.056
8340 49.71
8400 49.915
8460 49.92
8520 50.147
8580 49.967
8640 49.921
8700 49.821
8760 49.856
8820 49.953
8880 49.915
8940 49.708
9000 50.163
9060 50.198
9120 49.82
9180 50.027
9240 49.804
9300 50.086
9360 49.891
9420 50.08
9480 50.113
9540 50.134
9600 49.804
9660 50.208
9720 49.865
9780 49.769
9840 50.027
9900 49.935
9960 50.165
10020 50.154
10080 49.909
10140 50.226
10200 49.895
10260 50.008
10320 49.878
10380 50.218
10440 49.832
10500 49.772
10560 49.968
10620 50.246
10680 50.196
10740 50.124
10800 50.195
10860 50.197
10920 50.009
10980 49.908
11040 50.136
11100 50.081
11160 49.937
11220 49.797
11280 50.123
11340 49.881
11400 50.218
11460 49.87
11520 49.811
11580 50.166
11640 49.827
11700 49.84
11760 50.05
11820 50.187
11880 49.848
11940 49.905
12000 50.139
12060 50.236
12120 50
12180 49.822
12240 49.757
12300 49.865
12360 49.816
12420 50.089
12480 49.811
12540 50.003
12600 50.097
12660 50.041
12720 49.85
12780 50.152
12840 50.108
12900 50.119
12960 49.816
13020 49.812
13080 50.214
13140 49.949
13200 49.9
13260 49.994
13320 50.081
13380 50.228
13440 49.893
13500 50.212
13560 49.762
13620 50.028
13680 50.067
13740 49.803
13800 49.82
13860 49.96
13920 50.233
13980 50.048
14040 50.217
14100 50.152
14160 49.984
14220 50.142
14280 49.759
14340 49.805
14400 50.165
14460 50.165
14520 50.165
14580 50.165
14640 50.165
14700 50.165
14760 50.165
14820 50.165
14880 50.165
14940 50.165
15000 50.165
15060 50.165
15120 50.165
15180 50.165
15240 50.165
15300 50.165
15360 50.165
15420 50.165
15480 50.165
15540 50.165
15600 50.165
15660 50.165
15720 50.165
15780 50.165
15840 50.165
15900 50.165
15960 50.165
16020 50.165
16080 50.165
16140 50.165
16200 50.165
16260 50.165
16320 50.165
16380 50.165
16440 50.165
16500 50.165
16560 50.165
16620 50.165
16680 50.165
16740 50.165
16800 50.165
16860 50.165
16920 50.165
16980 50.165
17040 50.165
17100 50.165
17160 50.165
17220 50.165
17280 50.165
17340 50.165
17400 50.165
17460 50.165
17520 50.165
17580 50.165
17640 50.165
17700 50.165
17760 50.165
17820 50.165
17880 50.165
17940 50.165
18000 50.165
18060 50.165
18120 50.165
18180 50.165
18240 50.165
18300 50.165
18360 50.165
18420 50.165
18480 50.165
18540 50.165
18600 50.165
18660 50.165
18720 50.165
18780 50.165
18840 50.165
18900 50.165
18960 50.165
19020 50.165
19080 50.165
19140 50.165
19200 50.165
19260 50.165
19320 50.165
19380 50.165
19440 50.165
19500 50.165
19560 50.165
19620 50.165
19680 50.165
19740 50.165
19800 50.165
19860 50.165
19920 50.165
19980 50.165
20040 50.165
20100 50.165
20160 50.165
20220 50.165
20280 50.165
20340 50.165
20400 50.165
20460 50.165
20520 50.165
20580 50.165
20640 50.165
20700 50.165
20760 50.165
20820 50.165
20880 50.165
20940 50.165
21000 50.165
21060 50.165
21120 50.165
21180 50.165
21240 50.165
21300 50.165
21360 50.165
21420 50.165
21480 50.165
21540 50.165
21600 50.165
21660 50.165
21720 50.165
21780 50.165
21840 50.165
21900 50.165
21960 50.165
22020 50.165
22080 50.165
22140 50.165
22200 50.165
22260 50.165
22320 50.165
22380 50.165
22440 50.165
22500 50.165
22560 50.165
22620 50.165
22680 50.165
22740 50.165
22800 50.165
22860 50.165
22920 50.165
22980 50.165
23040 50.165
23100 50.165
23160 50.165
23220 50.165
23280 50.165
23340 50.165
23400 50.165
23460 50.165
23520 50.165
23580 50.165
23640 50.165
23700 50.165
23760 50.165
23820 50.165
23880 50.165
23940 50.165
24000 50.165
24060 50.165
24120 50.165
24180 50.165
24240 50.165
24300 50.165
24360 50.165
24420 50.165
24480 50.165
24540 50.165
24600 50.165
24660 50.165
24720 50.165
24780 50.165
24840 50.165
24900 50.165
24960 50.165
25020 50.165
25080 50.165
25140 50.165
25200 50.165
25260 50.165
25320 50.165
25380 50.165
25440 50.165
25500 50.165
25560 50.165
25620 50.165
25680 50.165
25740 50.165
25800 50.165
25860 50.165
25920 50.165
25980 50.165
26040 50.165
26100 50.165
26160 50.165
26220 50.165
26280 50.165
26340 50.165
26400 50.165
26460 50.165
26520 50.165
26580 50.165
26640 50.165
26700 50.165
26760 50.165
26820 50.165
26880 50.165
26940 50.165
27000 50.165
27060 50.165
27120 50.165
27180 50.165
27240 50.165
27300 50.165
27360 50.165
27420 50.165
27480 50.165
27540 50.165
27600 50.165
27660 50.165
27720 50.165
27780 50.165
27840 50.165
27900 50.165
27960 50.165
28020 50.165
28080 50.165
28140 50.165
28200 50.165
28260 50.165
28320 50.165
28380 50.165
28440 50.165
28500 50.165
28560 50.165
28620 50.165
28680 50.165
28740 50.165
28800 50.165
28860 50.165
28920 50.165
28980 50.165
29040 50.165
29100 50.165
29160 50.165
29220 50.165
29280 50.165
29340 50.165
29400 50.165
29460 50.165
29520 50.165
29580 50.165
29640 50.165
29700 50.165
29760 50.165
29820 50.165
29880 50.165
29940 50.165
30000 50.165
30060 50.165
30120 50.165
30180 50.165
30240 50.165
30300 50.165
30360 50.165
30420 50.165
30480 50.165
30540 50.165
30600 50.165
30660 50.165
30720 50.165
30780 50.165
30840 50.165
30900 50.165
30960 50.165
31020 50.165
31080 50.165
31140 50.165
31200 50.165
31260 50.165
31320 50.165
31380 50.165
31440 50.165
31500 50.165
31560 50.165
31620 50.165
31680 50.165
31740 50.165
31800 50.165
31860 50.165
31920 50.165
31980 50.165
32040 50.165
32100 50.165
32160 50.165
32220 50.165
32280 50.165
32340 50.165
32400 50.165
32460 50.165
32520 50.165
32580 50.165
32640 50.165
32700 50.165
32760 50.165
32820 50.165
32880 50.165
32940 50.165
33000 50.165
33060 50.165
33120 50.165
33180 50.165
33240 50.165
33300 50.165
33360 50.165
33420 50.165
33480 50.165
33540 50.165
33600 50.165
33660 50.165
33720 50.165
33780 50.165
33840 50.165
33900 50.165
33960 50.165
34020 50.165
34080 50.165
34140 50.165
34200 50.165
34260 50.165
34320 50.165
34380 50.165
34440 50.165
34500 50.165
34560 50.165
34620 50.165
34680 50.165
34740 50.165
34800 50.165
34860 50.165
34920 50.165
34980 50.165
35040 50.165
35100 50.165
35160 50.165
35220 50.165
35280 50.165
35340 50.165
35400 50.165
35460 50.165
35520 50.165
35580 50.165
35640 50.165
35700 50.165
35760 50.165
35820 50.165
35880 50.165
35940 50.165
36000 50.165
36060 50.165
36120 50.165
36180 50.165
36240 50.165
36300 50.165
36360 50.165
36420 50.165
36480 50.165
36540 50.165
36600 50.165
36660 50.165
36720 50.165
36780 50.165
36840 50.165
36900 50.165
36960 50.165
37020 50.165
37080 50.165
37140 50.165
37200 50.165
37260 50.165
37320 50.165
37380 50.165
37440 50.165
37500 50.165
37560 50.165
37620 50.165
37680 50.165
37740 50.165
37800 50.165
37860 50.165
37920 50.165
37980 50.165
38040 50.165
38100 50.165
38160 50.165
38220 50.165
38280 50.165
38340 50.165
38400 50.165
38460 50.165
38520 50.165
38580 50.165
38640 50.165
38700 50.165
38760 50.165
38820 50.165
38880 50.165
38940 50.165
39000 50.165
39060 50.165
39120 50.165
39180 50.165
39240 50.165
39300 50.165
39360 50.165
39420 50.165
39480 50.165
39540 50.165
39600 50.165
39660 50.165
39720 50.165
39780 50.165
39840 50.165
39900 50.165
39960 50.165
40020 50.165
40080 50.165
40140 50.165
40200 50.165
40260 50.165
40320 50.165
40380 50.165
40440 50.165
40500 50.165
40560 50.165
40620 50.165
40680 50.165
40740 50.165
40800 50.165
40860 50.165
40920 50.165
40980 50.165
41040 50.165
41100 50.165
41160 50.165
41220 50.165
41280 50.165
41340 50.165
41400 50.165
41460 50.165
41520 50.165
41580 50.165
41640 50.165
41700 50.165
41760 50.165
41820 50.165
41880 50.165
41940 50.165
42000 50.165
42060 50.165
42120 50.165
42180 50.165
42240 50.165
42300 50.165
42360 50.165
42420 50.165
42480 50.165
42540 50.165
42600 50.165
42660 50.165
42720 50.165
42780 50.165
42840 50.165
42900 50.165
42960 50.165
43020 50.165
43080 50.165
43140 50.165
43200 50.165
43260 50.165
43320 50.165
43380 50.165
43440 50.165
43500 50.165
43560 50.165
43620 50.165
43680 50.165
43740 50.165
43800 50.165
43860 50.165
43920 50.165
43980 50.165
44040 50.165
44100 50.165
44160 50.165
44220 50.165
44280 50.165
44340 50.165
44400 50.165
44460 50.165
44520 50.165
44580 50.165
44640 50.165
44700 50.165
44760 50.165
44820 50.165
44880 50.165
44940 50.165
45000 50.165
45060 50.165
45120 50.165
45180 50.165
45240 50.165
45300 50.165
45360 50.165
45420 50.165
45480 50.165
45540 50.165
45600 50.165
45660 50.165
45720 50.165
45780 50.165
45840 50.165
45900 50.165
45960 50.165
46020 50.165
46080 50.165
46140 50.165
46200 50.165
46260 50.165
46320 50.165
46380 50.165
46440 50.165
46500 50.165
46560 50.165
46620 50.165
46680 50.165
46740 50.165
46800 50.165
46860 50.165
46920 50.165
46980 50.165
47040 50.165
47100 50.165
47160 50.165
47220 50.165
47280 50.165
47340 50.165
47400 50.165
47460 50.165
47520 50.165
47580 50.165
47640 50.165
47700 50.165
47760 50.165
47820 50.165
47880 50.165
47940 50.165
48000 50.165
48060 50.165
48120 50.165
48180 50.165
48240 50.165
48300 50.165
48360 50.165
48420 50.165
48480 50.165
48540 50.165
48600 50.165
48660 50.165
48720 50.165
48780 50.165
48840 50.165
48900 50.165
48960 50.165
49020 50.165
49080 50.165
49140 50.165
49200 50.165
49260 50.165
49320 50.165
49380 50.165
49440 50.165
49500 50.165
49560 50.165
49620 50.165
49680 50.165
49740 50.165
49800 50.165
49860 50.165
49920 50.165
49980 50.165
50040 50.165
50100 50.165
50160 50.165
50220 50.165
50280 50.165
50340 50.165
50400 50.165
50460 50.165
50520 50.165
50580 50.165
50640 50.165
50700 50.165
50760 50.165
50820 50.165
50880 50.165
50940 50.165
51000 50.165
51060 50.165
51120 50.165
51180 50.165
51240 50.165
51300 50.165
51360 50.165
51420 50.165
51480 50.165
51540 50.165
51600 50.165
51660 50.165
51720 50.165
51780 50.165
51840 50.165
51900 50.165
51960 50.165
52020 50.165
52080 50.165
52140 50.165
52200 50.165
52260 50.165
52320 50.165
52380 50.165
52440 50.165
52500 50.165
52560 50.165
52620 50.165
52680 50.165
52740 50.165
52800 50.165
52860 50.165
52920 50.165
52980 50.165
53040 50.165
53100 50.165
53160 50.165
53220 50.165
53280 50.165
53340 50.165
53400 50.165
53460 50.165
53520 50.165
53580 50.165
53640 50.165
53700 50.165
53760 50.165
53820 50.165
53880 50.165
53940 50.165
54000 50.165
54060 50.165
54120 50.165
54180 50.165
54240 50.165
54300 50.165
54360 50.165
54420 50.165
54480 50.165
54540 50.165
54600 50.165
54660 50.165
54720 50.165
54780 50.165
54840 50.165
54900 50.165
54960 50.165
55020 50.165
55080 50.165
55140 50.165
55200 50.165
55260 50.165
55320 50.165
55380 50.165
55440 50.165
55500 50.165
55560 50.165
55620 50.165
55680 50.165
55740 50.165
55800 50.165
55860 50.165
55920 50.165
55980 50.165
56040 50.165
56100 50.165
56160 50.165
56220 50.165
56280 50.165
56340 50.165
56400 50.165
56460 50.165
56520 50.165
56580 50.165
56640 50.165
56700 50.165
56760 50.165
56820 50.165
56880 50.165
56940 50.165
57000 50.165
57060 50.165
57120 50.165
57180 50.165
57240 50.165
57300 50.165
57360 50.165
57420 50.165
57480 50.165
57540 50.165
57600 50.165
57660 50.165
57720 50.165
57780 50.165
57840 50.165
57900 50.165
57960 50.165
58020 50.165
58080 50.165
58140 50.165
58200 50.165
58260 50.165
58320 50.165
58380 50.165
58440 50.165
58500 50.165
58560 50.165
58620 50.165
58680 50.165
58740 50.165
58800 50.165
58860 50.165
58920 50.165
58980 50.165
59040 50.165
59100 50.165
59160 50.165
59220 50.165
59280 50.165
59340 50.165
59400 50.165
59460 50.165
59520 50.165
59580 50.165
59640 50.165
59700 50.165
59760 50.165
59820 50.165
59880 50.165
59940 50.165
60000 50.165
60060 50.165
60120 50.165
60180 50.165
60240 50.165
60300 50.165
60360 50.165
60420 50.165
60480 50.165
60540 50.165
60600 50.165
60660 50.165
60720 50.165
60780 50.165
60840 50.165
60900 50.165
60960 50.165
61020 50.165
61080 50.165
61140 50.165
61200 50.165
61260 50.165
61320 50.165
61380 50.165
61440 50.165
61500 50.165
61560 50.165
61620 50.165
61680 50.165
61740 50.165
61800 50.165
61860 50.165
61920 50.165
61980 50.165
62040 50.165
62100 50.165
62160 50.165
62220 50.165
62280 50.165
62340 50.165
62400 50.165
62460 50.165
62520 50.165
62580 50.165
62640 50.165
62700 50.165
62760 50.165
62820 50.165
62880 50.165
62940 50.165
63000 50.165
63060 50.165
63120 50.165
63180 50.165
63240 50.165
63300 50.165
63360 50.165
63420 50.165
63480 50.165
63540 50.165
63600 50.165
63660 50.165
63720 50.165
63780 50.165
63840 50.165
63900 50.165
63960 50.165
64020 50.165
64080 50.165
64140 50.165
64200 50.165
64260 50.165
64320 50.165
64380 50.165
64440 50.165
64500 50.165
64560 50.165
64620 50.165
64680 50.165
64740 50.165
64800 50.165
64860 50.165
64920 50.165
64980 50.165
65040 50.165
65100 50.165
65160 50.165
65220 50.165
65280 50.165
65340 50.165
65400 50.165
65460 50.165
65520 50.165
65580 50.165
65640 50.165
65700 50.165
65760 50.165
65820 50.165
65880 50.165
65940 50.165
66000 50.165
66060 50.165
66120 50.165
66180 50.165
66240 50.165
66300 50.165
66360 50.165
66420 50.165
66480 50.165
66540 50.165
66600 50.165
66660 50.165
66720 50.165
66780 50.165
66840 50.165
66900 50.165
66960 50.165
67020 50.165
67080 50.165
67140 50.165
67200 50.165
67260 50.165
67320 50.165
67380 50.165
67440 50.165
67500 50.165
67560 50.165
67620 50.165
67680 50.165
67740 50.165
67800 50.165
67860 50.165
67920 50.165
67980 50.165
68040 50.165
68100 50.165
68160 50.165
68220 50.165
68280 50.165
68340 50.165
68400 50.165
68460 50.165
68520 50.165
68580 50.165
68640 50.165
68700 50.165
68760 50.165
68820 50.165
68880 50.165
68940 50.165
69000 50.165
69060 50.165
69120 50.165
69180 50.165
69240 50.165
69300 50.165
69360 50.165
69420 50.165
69480 50.165
69540 50.165
69600 50.165
69660 50.165
69720 50.165
69780 50.165
69840 50.165
69900 50.165
69960 50.165
70020 50.165
70080 50.165
70140 50.165
70200 50.165
70260 50.165
70320 50.165
70380 50.165
70440 50.165
70500 50.165
70560 50.165
70620 50.165
70680 50.165
70740 50.165
70800 50.165
70860 50.165
70920 50.165
70980 50.165
71040 50.165
71100 50.165
71160 50.165
71220 50.165
71280 50.165
71340 50.165
71400 50.165
71460 50.165
71520 50.165
71580 50.165
71640 50.165
71700 50.165
71760 50.165
71820 50.165
71880 50.165
71940 50.165
72000 50.165
72060 50.165
72120 50.165
72180 50.165
72240 50.165
72300 50.165
72360 50.165
72420 50.165
72480 50.165
72540 50.165
72600 50.165
72660 50.165
72720 50.165
72780 50.165
72840 50.165
72900 50.165
72960 50.165
73020 50.165
73080 50.165
73140 50.165
73200 50.165
73260 50.165
73320 50.165
73380 50.165
73440 50.165
73500 50.165
73560 50.165
73620 50.165
73680 50.165
73740 50.165
73800 50.165
73860 50.165
73920 50.165
73980 50.165
74040 50.165
74100 50.165
74160 50.165
74220 50.165
74280 50.165
74340 50.165
74400 50.165
74460 50.165
74520 50.165
74580 50.165
74640 50.165
74700 50.165
74760 50.165
74820 50.165
74880 50.165
74940 50.165
75000 50.165
75060 50.165
75120 50.165
75180 50.165
75240 50.165
75300 50.165
75360 50.165
75420 50.165
75480 50.165
75540 50.165
75600 50.165
75660 50.165
75720 50.165
75780 50.165
75840 50.165
75900 50.165
75960 50.165
76020 50.165
76080 50.165
76140 50.165
76200 50.165
76260 50.165
76320 50.165
76380 50.165
76440 50.165
76500 50.165
76560 50.165
76620 50.165
76680 50.165
76740 50.165
76800 50.165
76860 50.165
76920 50.165
76980 50.165
77040 50.165
77100 50.165
77160 50.165
77220 50.165
77280 50.165
77340 50.165
77400 50.165
77460 50.165
77520 50.165
77580 50.165
77640 50.165
77700 50.165
77760 50.165
77820 50.165
77880 50.165
77940 50.165
78000 50.165
78060 50.165
78120 50.165
78180 50.165
78240 50.165
78300 50.165
78360 50.165
78420 50.165
78480 50.165
78540 50.165
78600 50.165
78660 50.165
78720 50.165
78780 50.165
78840 50.165
78900 50.165
78960 50.165
79020 50.165
79080 50.165
79140 50.165
79200 50.165
79260 50.165
79320 50.165
79380 50.165
79440 50.165
79500 50.165
79560 50.165
79620 50.165
79680 50.165
79740 50.165
79800 50.165
79860 50.165
79920 50.165
79980 50.165
80040 50.165
80100 50.165
80160 50.165
80220 50.165
80280 50.165
80340 50.165
80400 50.165
80460 50.165
80520 50.165
80580 50.165
80640 50.165
80700 50.165
80760 50.165
80820 50.165
80880 50.165
80940 50.165
81000 50.165
81060 50.165
81120 50.165
81180 50.165
81240 50.165
81300 50.165
81360 50.165
81420 50.165
81480 50.165
81540 50.165
81600 50.165
81660 50.165
81720 50.165
81780 50.165
81840 50.165
81900 50.165
81960 50.165
82020 50.165
82080 50.165
82140 50.165
82200 50.165
82260 50.165
82320 50.165
82380 50.165
82440 50.165
82500 50.165
82560 50.165
82620 50.165
82680 50.165
82740 50.165
82800 50.165
82860 50.165
82920 50.165
82980 50.165
83040 50.165
83100 50.165
83160 50.165
83220 50.165
83280 50.165
83340 50.165
83400 50.165
83460 50.165
83520 50.165
83580 50.165
83640 50.165
83700 50.165
83760 50.165
83820 50.165
83880 50.165
83940 50.165
84000 50.165
84060 50.165
84120 50.165
84180 50.165
84240 50.165
84300 50.165
84360 50.165
84420 50.165
84480 50.165
84540 50.165
84600 50.165
84660 50.165
84720 50.165
84780 50.165
84840 50.165
84900 50.165
84960 50.165
85020 50.165
85080 50.165
85140 50.165
85200 50.165
85260 50.165
85320 50.165
85380 50.165
85440 50.165
85500 50.165
85560 50.165
85620 50.165
85680 50.165
85740 50.165
85800 50.165
85860 50.165
85920 50.165
85980 50.165
86040 50.165
86100 50.165
86160 50.165
86220 50.165
86280 50.165
86340 50.165
86400 50.165
86460 50.165
86520 50.165
86580 50.165
86640 50.165
86700 50.165
86760 50.165
86820 50.165
86880 50.165
86940 50.165
87000 50.165
87060 50.165
87120 50.165
87180 50.165
87240 50.165
87300 50.165
87360 50.165
87420 50.165
87480 50.165
87540 50.165
87600 50.165
87660 50.165
87720 50.165
87780 50.165
87840 50.165
87900 50.165
87960 50.165
88020 50.165
88080 50.165
88140 50.165
88200 50.165
88260 50.165
88320 50.165
88380 50.165
88440 50.165
88500 50.165
88560 50.165
88620 50.165
88680 50.165
88740 50.165
88800 50.165
88860 50.165
88920 50.165
88980 50.165
89040 50.165
89100 50.165
89160 50.165
89220 50.165
89280 50.165
89340 50.165
89400 50.165
89460 50.165
89520 50.165
89580 50.165
89640 50.165
89700 50.165
89760 50.165
89820 50.165
89880 50.165
89940 50.165
90000 50.165
90060 50.165
90120 50.165
90180 50.165
90240 50.165
90300 50.165
90360 50.165
90420 50.165
90480 50.165
90540 50.165
90600 50.165
90660 50.165
90720 50.165
90780 50.165
90840 50.165
90900 50.165
90960 50.165
91020 50.165
91080 50.165
91140 50.165
91200 50.165
91260 50.165
91320 50.165
91380 50.165
91440 50.165
91500 50.165
91560 50.165
91620 50.165
91680 50.165
91740 50.165
91800 50.165
91860 50.165
91920 50.165
91980 50.165
92040 50.165
92100 50.165
92160 50.165
92220 50.165
92280 50.165
92340 50.165
92400 50.165
92460 50.165
92520 50.165
92580 50.165
92640 50.165
92700 50.165
92760 50.165
92820 50.165
92880 50.165
92940 50.165
93000 50.165
93060 50.165
93120 50.165
93180 50.165
93240 50.165
93300 50.165
93360 50.165
93420 50.165
93480 50.165
93540 50.165
93600 50.165
93660 50.165
93720 50.165
93780 50.165
93840 50.165
93900 50.165
93960 50.165
94020 50.165
94080 50.165
94140 50.165
94200 50.165
94260 50.165
94320 50.165
94380 50.165
94440 50.165
94500 50.165
94560 50.165
94620 50.165
94680 50.165
94740 50.165
94800 50.165
94860 50.165
94920 50.165
94980 50.165
95040 50.165
95100 50.165
95160 50.165
95220 50.165
95280 50.165
95340 50.165
95400 50.165
95460 50.165
95520 50.165
95580 50.165
95640 50.165
95700 50.165
95760 50.165
95820 50.165
95880 50.165
95940 50.165
96000 50.165
96060 50.165
96120 50.165
96180 50.165
96240 50.165
96300 50.165
96360 50.165
96420 50.165
96480 50.165
96540 50.165
96600 50.165
96660 50.165
96720 50.165
96780 50.165
96840 50.165
96900 50.165
96960 50.165
97020 50.165
97080 50.165
97140 50.165
97200 50.165
97260 50.165
97320 50.165
97380 50.165
97440 50.165
97500 50.165
97560 50.165
97620 50.165
97680 50.165
97740 50.165
97800 50.165
97860 50.165
97920 50.165
97980 50.165
98040 50.165
98100 50.165
98160 50.165
98220 50.165
98280 50.165
98340 50.165
98400 50.165
98460 50.165
98520 50.165
98580 50.165
98640 50.165
98700 50.165
98760 50.165
98820 50.165
98880 50.165
98940 50.165
99000 50.165
99060 50.165
99120 50.165
99180 50.165
99240 50.165
99300 50.165
99360 50.165
99420 50.165
99480 50.165
99540 50.165
99600 50.165
99660 50.165
99720 50.165
99780 50.165
99840 50.165
99900 50.165
99960 50.165
100020 50.165
100080 50.165
100140 50.165
100200 50.165
100260 50.165
100320 50.165
100380 50.165
100440 50.165
100500 50.165
100560 50.165
100620 50.165
100680 50.165
100740 50.165
100800 50.165
100860 50.165
100920 50.165
100980 50.165
101040 50.165
101100 50.165
101160 50.165
101220 50.165
101280 50.165
101340 50.165
101400 50.165
101460 50.165
101520 50.165
101580 50.165
101640 50.165
101700 50.165
101760 50.165
101820 50.165
101880 50.165
101940 50.165
102000 50.165
102060 50.165
102120 50.165
102180 50.165
102240 50.165
102300 50.165
102360 50.165
102420 50.165
102480 50.165
102540 50.165
102600 50.165
102660 50.165
102720 50.165
102780 50.165
102840 50.165
102900 50.165
102960 50.165
103020 50.165
103080 50.165
103140 50.165
103200 50.165
103260 50.165
103320 50.165
103380 50.165
103440 50.165
103500 50.165
103560 50.165
103620 50.165
103680 50.165
103740 50.165
103800 50.165
103860 50.165
103920 50.165
103980 50.165
104040 50.165
104100 50.165
104160 50.165
104220 50.165
104280 50.165
104340 50.165
104400 50.165
104460 50.165
104520 50.165
104580 50.165
104640 50.165
104700 50.165
104760 50.165
104820 50.165
104880 50.165
104940 50.165
105000 50.165
105060 50.165
105120 50.165
105180 50.165
105240 50.165
105300 50.165
105360 50.165
105420 50.165
105480 50.165
105540 50.165
105600 50.165
105660 50.165
105720 50.165
105780 50.165
105840 50.165
105900 50.165
105960 50.165
106020 50.165
106080 50.165
106140 50.165
106200 50.165
106260 50.165
106320 50.165
106380 50.165
106440 50.165
106500 50.165
106560 50.165
106620 50.165
106680 50.165
106740 50.165
106800 50.165
106860 50.165
106920 50.165
106980 50.165
107040 50.165
107100 50.165
107160 50.165
107220 50.165
107280 50.165
107340 50.165
107400 50.165
107460 50.165
107520 50.165
107580 50.165
107640 50.165
107700 50.165
107760 50.165
107820 50.165
107880 50.165
107940 50.165
108000 50.165
108060 50.165
108120 50.165
108180 50.165
108240 50.165
108300 50.165
108360 50.165
108420 50.165
108480 50.165
108540 50.165
108600 50.165
108660 50.165
108720 50.165
108780 50.165
108840 50.165
108900 50.165
108960 50.165
109020 50.165
109080 50.165
109140 50.165
109200 50.165
109260 50.165
109320 50.165
109380 50.165
109440 50.165
109500 50.165
109560 50.165
109620 50.165
109680 50.165
109740 50.165
109800 50.165
109860 50.165
109920 50.165
109980 50.165
110040 50.165
110100 50.165
110160 50.165
110220 50.165
110280 50.165
110340 50.165
110400 50.165
110460 50.165
110520 50.165
110580 50.165
110640 50.165
110700 50.165
110760 50.165
110820 50.165
110880 50.165
110940 50.165
111000 50.165
111060 50.165
111120 50.165
111180 50.165
111240 50.165
111300 50.165
111360 50.165
111420 50.165
111480 50.165
111540 50.165
111600 50.165
111660 50.165
111720 50.165
111780 50.165
111840 50.165
111900 50.165
111960 50.165
112020 50.165
112080 50.165
112140 50.165
112200 50.165
112260 50.165
112320 50.165
112380 50.165
112440 50.165
112500 50.165
112560 50.165
112620 50.165
112680 50.165
112740 50.165
112800 50.165
112860 50.165
112920 50.165
112980 50.165
113040 50.165
113100 50.165
113160 50.165
113220 50.165
113280 50.165
113340 50.165
113400 50.165
113460 50.165
113520 50.165
113580 50.165
113640 50.165
113700 50.165
113760 50.165
113820 50.165
113880 50.165
113940 50.165
114000 50.165
114060 50.165
114120 50.165
114180 50.165
114240 50.165
114300 50.165
114360 50.165
114420 50.165
114480 50.165
114540 50.165
114600 50.165
114660 50.165
114720 50.165
114780 50.165
114840 50.165
114900 50.165
114960 50.165
115020 50.165
115080 50.165
115140 50.165
115200 50.165
115260 50.165
115320 50.165
115380 50.165
115440 50.165
115500 50.165
115560 50.165
115620 50.165
115680 50.165
115740 50.165
115800 50.165
115860 50.165
115920 50.165
115980 50.165
116040 50.165
116100 50.165
116160 50.165
116220 50.165
116280 50.165
116340 50.165
116400 50.165
116460 50.165
116520 50.165
116580 50.165
116640 50.165
116700 50.165
116760 50.165
116820 50.165
116880 50.165
116940 50.165
117000 50.165
117060 50.165
117120 50.165
117180 50.165
117240 50.165
117300 50.165
117360 50.165
117420 50.165
117480 50.165
117540 50.165
117600 50.165
117660 50.165
117720 50.165
117780 50.165
117840 50.165
117900 50.165
117960 50.165
118020 50.165
118080 50.165
118140 50.165
118200 50.165
118260 50.165
118320 50.165
118380 50.165
118440 50.165
118500 50.165
118560 50.165
118620 50.165
118680 50.165
118740 50.165
118800 50.165
118860 50.165
118920 50.165
118980 50.165
119040 50.165
119100 50.165
119160 50.165
119220 50.165
119280 50.165
119340 50.165
119400 50.165
119460 50.165
119520 50.165
119580 50.165
119640 50.165
119700 50.165
119760 50.165
119820 50.165
119880 50.165
119940 50.165
120000 50.165
120060 50.165
120120 50.165
120180 50.165
120240 50.165
120300 50.165
120360 50.165
120420 50.165
120480 50.165
120540 50.165
120600 50.165
120660 50.165
120720 50.165
120780 50.165
120840 50.165
120900 50.165
120960 50.165
121020 50.165
121080 50.165
121140 50.165
121200 50.165
121260 50.165
121320 50.165
121380 50.165
121440 50.165
121500 50.165
121560 50.165
121620 50.165
121680 50.165
121740 50.165
121800 50.165
121860 50.165
121920 50.165
121980 50.165
122040 50.165
122100 50.165
122160 50.165
122220 50.165
122280 50.165
122340 50.165
122400 50.165
122460 50.165
122520 50.165
122580 50.165
122640 50.165
122700 50.165
122760 50.165
122820 50.165
122880 50.165
122940 50.165
123000 50.165
123060 50.165
123120 50.165
123180 50.165
123240 50.165
123300 50.165
123360 50.165
123420 50.165
123480 50.165
123540 50.165
123600 50.165
123660 50.165
123720 50.165
123780 50.165
123840 50.165
123900 50.165
123960 50.165
124020 50.165
124080 50.165
124140 50.165
124200 50.165
124260 50.165
124320 50.165
124380 50.165
124440 50.165
124500 50.165
124560 50.165
124620 50.165
124680 50.165
124740 50.165
124800 50.165
124860 50.165
124920 50.165
124980 50.165
125040 50.165
125100 50.165
125160 50.165
125220 50.165
125280 50.165
125340 50.165
125400 50.165
125460 50.165
125520 50.165
125580 50.165
125640 50.165
125700 50.165
125760 50.165
125820 50.165
125880 50.165
125940 50.165
126000 50.165
126060 50.165
126120 50.165
126180 50.165
126240 50.165
126300 50.165
126360 50.165
126420 50.165
126480 50.165
126540 50.165
126600 50.165
126660 50.165
126720 50.165
126780 50.165
126840 50.165
126900 50.165
126960 50.165
127020 50.165
127080 50.165
127140 50.165
127200 50.165
127260 50.165
127320 50.165
127380 50.165
127440 50.165
127500 50.165
127560 50.165
127620 50.165
127680 50.165
127740 50.165
127800 50.165
127860 50.165
127920 50.165
127980 50.165
128040 50.165
128100 50.165
128160 50.165
128220 50.165
128280 50.165
128340 50.165
128400 50.165
128460 50.165
128520 50.165
128580 50.165
128640 50.165
128700 50.165
128760 50.165
128820 50.165
128880 50.165
128940 50.165
129000 50.165
129060 50.165
129120 50.165
129180 50.165
129240 50.165
129300 50.165
129360 50.165
129420 50.165
129480 50.165
129540 50.165
129600 50.165
129660 50.165
129720 50.165
129780 50.165
129840 50.165
129900 50.165
129960 50.165
130020 50.165
130080 50.165
130140 50.165
130200 50.165
130260 50.165
130320 50.165
130380 50.165
130440 50.165
130500 50.165
130560 50.165
130620 50.165
130680 50.165
130740 50.165
130800 50.165
130860 50.165
130920 50.165
130980 50.165
131040 50.165
131100 50.165
131160 50.165
131220 50.165
131280 50.165
131340 50.165
131400 50.165
131460 50.165
131520 50.165
131580 50.165
131640 50.165
131700 50.165
131760 50.165
131820 50.165
131880 50.165
131940 50.165
132000 50.165
132060 50.165
132120 50.165
132180 50.165
132240 50.165
132300 50.165
132360 50.165
132420 50.165
132480 50.165
132540 50.165
132600 50.165
132660 50.165
132720 50.165
132780 50.165
132840 50.165
132900 50.165
132960 50.165
133020 50.165
133080 50.165
133140 50.165
133200 50.165
133260 50.165
133320 50.165
133380 50.165
133440 50.165
133500 50.165
133560 50.165
133620 50.165
133680 50.165
133740 50.165
133800 50.165
133860 50.165
133920 50.165
133980 50.165
134040 50.165
134100 50.165
134160 50.165
134220 50.165
134280 50.165
134340 50.165
134400 50.165
134460 50.165
134520 50.165
134580 50.165
134640 50.165
134700 50.165
134760 50.165
134820 50.165
134880 50.165
134940 50.165
135000 50.165
135060 50.165
135120 50.165
135180 50.165
135240 50.165
135300 50.165
135360 50.165
135420 50.165
135480 50.165
135540 50.165
135600 50.165
135660 50.165
135720 50.165
135780 50.165
135840 50.165
135900 50.165
135960 50.165
136020 50.165
136080 50.165
136140 50.165
136200 50.165
136260 50.165
136320 50.165
136380 50.165
136440 50.165
136500 50.165
136560 50.165
136620 50.165
136680 50.165
136740 50.165
136800 50.165
136860 50.165
136920 50.165
136980 50.165
137040 50.165
137100 50.165
137160 50.165
137220 50.165
137280 50.165
137340 50.165
137400 50.165
137460 50.165
137520 50.165
137580 50.165
137640 50.165
137700 50.165
137760 50.165
137820 50.165
137880 50.165
137940 50.165
138000 50.165
138060 50.165
138120 50.165
138180 50.165
138240 50.165
138300 50.165
138360 50.165
138420 50.165
138480 50.165
138540 50.165
138600 50.165
138660 50.165
138720 50.165
138780 50.165
138840 50.165
138900 50.165
138960 50.165
139020 50.165
139080 50.165
139140 50.165
139200 50.165
139260 50.165
139320 50.165
139380 50.165
139440 50.165
139500 50.165
139560 50.165
139620 50.165
139680 50.165
139740 50.165
139800 50.165
139860 50.165
139920 50.165
139980 50.165
140040 50.165
140100 50.165
140160 50.165
140220 50.165
140280 50.165
140340 50.165
140400 50.165
140460 50.165
140520 50.165
140580 50.165
140640 50.165
140700 50.165
140760 50.165
140820 50.165
140880 50.165
140940 50.165
141000 50.165
141060 50.165
141120 50.165
141180 50.165
141240 50.165
141300 50.165
141360 50.165
141420 50.165
141480 50.165
141540 50.165
141600 50.165
141660 50.165
141720 50.165
141780 50.165
141840 50.165
141900 50.165
141960 50.165
142020 50.165
142080 50.165
142140 50.165
142200 50.165
142260 50.165
142320 50.165
142380 50.165
142440 50.165
142500 50.165
142560 50.165
142620 50.165
142680 50.165
142740 50.165
142800 50.165
142860 50.165
142920 50.165
142980 50.165
143040 50.165
143100 50.165
143160 50.165
143220 50.165
143280 50.165
143340 50.165
143400 50.165
143460 50.165
143520 50.165
143580 50.165
143640 50.165
143700 50.165
143760 50.165
143820 50.165
143880 50.165
143940 50.165
144000 50.165
144060 50.165
144120 50.165
144180 50.165
144240 50.165
144300 50.165
144360 50.165
144420 50.165
144480 50.165
144540 50.165
144600 50.165
144660 50.165
144720 50.165
144780 50.165
144840 50.165
144900 50.165
144960 50.165
145020 50.165
145080 50.165
145140 50.165
145200 50.165
145260 50.165
145320 50.165
145380 50.165
145440 50.165
145500 50.165
145560 50.165
145620 50.165
145680 50.165
145740 50.165
145800 50.165
145860 50.165
145920 50.165
145980 50.165
146040 50.165
146100 50.165
146160 50.165
146220 50.165
146280 50.165
146340 50.165
146400 50.165
146460 50.165
146520 50.165
146580 50.165
146640 50.165
146700 50.165
146760 50.165
146820 50.165
146880 50.165
146940 50.165
147000 50.165
147060 50.165
147120 50.165
147180 50.165
147240 50.165
147300 50.165
147360 50.165
147420 50.165
147480 50.165
147540 50.165
147600 50.165
147660 50.165
147720 50.165
147780 50.165
147840 50.165
147900 50.165
147960 50.165
148020 50.165
148080 50.165
148140 50.165
148200 50.165
148260 50.165
148320 50.165
148380 50.165
148440 50.165
148500 50.165
148560 50.165
148620 50.165
148680 50.165
148740 50.165
148800 50.165
148860 50.165
148920 50.165
148980 50.165
149040 50.165
149100 50.165
149160 50.165
149220 50.165
149280 50.165
149340 50.165
149400 50.165
149460 50.165
149520 50.165
149580 50.165
149640 50.165
149700 50.165
149760 50.165
149820 50.165
149880 50.165
149940 50.165
150000 50.165
150060 50.165
150120 50.165
150180 50.165
150240 50.165
150300 50.165
150360 50.165
150420 50.165
150480 50.165
150540 50.165
150600 50.165
150660 50.165
150720 50.165
150780 50.165
150840 50.165
150900 50.165
150960 50.165
151020 50.165
151080 50.165
151140 50.165
151200 50.165
151260 50.165
151320 50.165
151380 50.165
151440 50.165
151500 50.165
151560 50.165
151620 50.165
151680 50.165
151740 50.165
151800 50.165
151860 50.165
151920 50.165
151980 50.165
152040 50.165
152100 50.165
152160 50.165
152220 50.165
152280 50.165
152340 50.165
152400 50.165
152460 50.165
152520 50.165
152580 50.165
152640 50.165
152700 50.165
152760 50.165
152820 50.165
152880 50.165
152940 50.165
153000 50.165
153060 50.165
153120 50.165
153180 50.165
153240 50.165
153300 50.165
153360 50.165
153420 50.165
153480 50.165
153540 50.165
153600 50.165
153660 50.165
153720 50.165
153780 50.165
153840 50.165
153900 50.165
153960 50.165
154020 50.165
154080 50.165
154140 50.165
154200 50.165
154260 50.165
154320 50.165
154380 50.165
154440 50.165
154500 50.165
154560 50.165
154620 50.165
154680 50.165
154740 50.165
154800 50.165
154860 50.165
154920 50.165
154980 50.165
155040 50.165
155100 50.165
155160 50.165
155220 50.165
155280 50.165
155340 50.165
155400 50.165
155460 50.165
155520 50.165
155580 50.165
155640 50.165
155700 50.165
155760 50.165
155820 50.165
155880 50.165
155940 50.165
156000 50.165
156060 50.165
156120 50.165
156180 50.165
156240 50.165
156300 50.165
156360 50.165
156420 50.165
156480 50.165
156540 50.165
156600 50.165
156660 50.165
156720 50.165
156780 50.165
156840 50.165
156900 50.165
156960 50.165
157020 50.165
157080 50.165
157140 50.165
157200 50.165
157260 50.165
157320 50.165
157380 50.165
157440 50.165
157500 50.165
157560 50.165
157620 50.165
157680 50.165
157740 50.165
157800 50.165
157860 50.165
157920 50.165
157980 50.165
158040 50.165
158100 50.165
158160 50.165
158220 50.165
158280 50.165
158340 50.165
158400 50.165
158460 50.165
158520 50.165
158580 50.165
158640 50.165
158700 50.165
158760 50.165
158820 50.165
158880 50.165
158940 50.165
159000 50.165
159060 50.165
159120 50.165
159180 50.165
159240 50.165
159300 50.165
159360 50.165
159420 50.165
159480 50.165
159540 50.165
159600 50.165
159660 50.165
159720 50.165
159780 50.165
159840 50.165
159900 50.165
159960 50.165
160020 50.165
160080 50.165
160140 50.165
160200 50.165
160260 50.165
160320 50.165
160380 50.165
160440 50.165
160500 50.165
160560 50.165
160620 50.165
160680 50.165
160740 50.165
160800 50.165
160860 50.165
160920 50.165
160980 50.165
161040 50.165
161100 50.165
161160 50.165
161220 50.165
161280 50.165
161340 50.165
161400 50.165
161460 50.165
161520 50.165
161580 50.165
161640 50.165
161700 50.165
161760 50.165
161820 50.165
161880 50.165
161940 50.165
162000 50.165
162060 50.165
162120 50.165
162180 50.165
162240 50.165
162300 50.165
162360 50.165
162420 50.165
162480 50.165
162540 50.165
162600 50.165
162660 50.165
162720 50.165
162780 50.165
162840 50.165
162900 50.165
162960 50.165
163020 50.165
163080 50.165
163140 50.165
163200 50.165
163260 50.165
163320 50.165
163380 50.165
163440 50.165
163500 50.165
163560 50.165
163620 50.165
163680 50.165
163740 50.165
163800 50.165
163860 50.165
163920 50.165
163980 50.165
164040 50.165
164100 50.165
164160 50.165
164220 50.165
164280 50.165
164340 50.165
164400 50.165
164460 50.165
164520 50.165
164580 50.165
164640 50.165
164700 50.165
164760 50.165
164820 50.165
164880 50.165
164940 50.165
165000 50.165
165060 50.165
165120 50.165
165180 50.165
165240 50.165
165300 50.165
165360 50.165
165420 50.165
165480 50.165
165540 50.165
165600 50.165
165660 50.165
165720 50.165
165780 50.165
165840 50.165
165900 50.165
165960 50.165
166020 50.165
166080 50.165
166140 50.165
166200 50.165
166260 50.165
166320 50.165
166380 50.165
166440 50.165
166500 50.165
166560 50.165
166620 50.165
166680 50.165
166740 50.165
166800 50.165
166860 50.165
166920 50.165
166980 50.165
167040 50.165
167100 50.165
167160 50.165
167220 50.165
167280 50.165
167340 50.165
167400 50.165
167460 50.165
167520 50.165
167580 50.165
167640 50.165
167700 50.165
167760 50.165
167820 50.165
167880 50.165
167940 50.165
168000 50.165
168060 50.165
168120 50.165
168180 50.165
168240 50.165
168300 50.165
168360 50.165
168420 50.165
168480 50.165
168540 50.165
168600 50.165
168660 50.165
168720 50.165
168780 50.165
168840 50.165
168900 50.165
168960 50.165
169020 50.165
169080 50.165
169140 50.165
169200 50.165
169260 50.165
169320 50.165
169380 50.165
169440 50.165
169500 50.165
169560 50.165
169620 50.165
169680 50.165
169740 50.165
169800 50.165
169860 50.165
169920 50.165
169980 50.165
170040 50.165
170100 50.165
170160 50.165
170220 50.165
170280 50.165
170340 50.165
170400 50.165
170460 50.165
170520 50.165
170580 50.165
170640 50.165
170700 50.165
170760 50.165
170820 50.165
170880 50.165
170940 50.165
171000 50.165
171060 50.165
171120 50.165
171180 50.165
171240 50.165
171300 50.165
171360 50.165
171420 50.165
171480 50.165
171540 50.165
171600 50.165
171660 50.165
171720 50.165
171780 50.165
171840 50.165
171900 50.165
171960 50.165
172020 50.165
172080 50.165
172140 50.165
172200 50.165
172260 50.165
172320 50.165
172380 50.165
172440 50.165
172500 50.165
172560 50.165
172620 50.165
172680 50.165
172740 50.165
172800 50.165
172860 50.165
172920 50.165
172980 50.165
173040 50.165
173100 50.165
173160 50.165
173220 50.165
173280 50.165
173340 50.165
173400 50.165
173460 50.165
173520 50.165
173580 50.165
173640 50.165
173700 50.165
173760 50.165
173820 50.165
173880 50.165
173940 50.165
174000 50.165
174060 50.165
174120 50.165
174180 50.165
174240 50.165
174300 50.165
174360 50.165
174420 50.165
174480 50.165
174540 50.165
174600 50.165
174660 50.165
174720 50.165
174780 50.165
174840 50.165
174900 50.165
174960 50.165
175020 50.165
175080 50.165
175140 50.165
175200 50.165
175260 50.165
175320 50.165
175380 50.165
175440 50.165
175500 50.165
175560 50.165
175620 50.165
175680 50.165
175740 50.165
175800 50.165
175860 50.165
175920 50.165
175980 50.165
176040 50.165
176100 50.165
176160 50.165
176220 50.165
176280 50.165
176340 50.165
176400 50.165
176460 50.165
176520 50.165
176580 50.165
176640 50.165
176700 50.165
176760 50.165
176820 50.165
176880 50.165
176940 50.165
177000 50.165
177060 50.165
177120 50.165
177180 50.165
177240 50.165
177300 50.165
177360 50.165
177420 50.165
177480 50.165
177540 50.165
177600 50.165
177660 50.165
177720 50.165
177780 50.165
177840 50.165
177900 50.165
177960 50.165
178020 50.165
178080 50.165
178140 50.165
178200 50.165
178260 50.165
178320 50.165
178380 50.165
178440 50.165
178500 50.165
178560 50.165
178620 50.165
178680 50.165
178740 50.165
178800 50.165
178860 50.165
178920 50.165
178980 50.165
179040 50.165
179100 50.165
179160 50.165
179220 50.165
179280 50.165
179340 50.165
179400 50.165
179460 50.165
179520 50.165
179580 50.165
179640 50.165
179700 50.165
179760 50.165
179820 50.165
179880 50.165
179940 50.165
180000 50.165
180060 50.165
180120 50.165
180180 50.165
180240 50.165
180300 50.165
180360 50.165
180420 50.165
180480 50.165
180540 50.165
180600 50.165
180660 50.165
180720 50.165
180780 50.165
180840 50.165
180900 50.165
180960 50.165
181020 50.165
181080 50.165
181140 50.165
181200 50.165
181260 50.165
181320 50.165
181380 50.165
181440 50.165
181500 50.165
181560 50.165
181620 50.165
181680 50.165
181740 50.165
181800 50.165
181860 50.165
181920 50.165
181980 50.165
182040 50.165
182100 50.165
182160 50.165
182220 50.165
182280 50.165
182340 50.165
182400 50.165
182460 50.165
182520 50.165
182580 50.165
182640 50.165
182700 50.165
182760 50.165
182820 50.165
182880 50.165
182940 50.165
183000 50.165
