0 0.02
60 0.0199498732686
120 0.0199001680259
180 0.019850896699
240 0.0198020717152
300 0.0197537055016
360 0.0197058104854
420 0.0196583990939
480 0.019611483754
540 0.0195650768932
600 0.0195191909385
660 0.0194738383172
720 0.0194290314563
780 0.0193847827832
840 0.0193411047249
900 0.0192980097087
960 0.0192555101618
1020 0.0192136185113
1080 0.0191723471845
1140 0.0191317086084
1200 0.0190917152104
1260 0.0190523794175
1320 0.019013713657
1380 0.018975730356
1440 0.0189384419417
1500 0.0189018608414
1560 0.0188659994822
1620 0.0188308702913
1680 0.0187964856958
1740 0.018762858123
1800 0.01873
1860 0.0186979928836
1920 0.0186668745134
1980 0.0186365915911
2040 0.0186070908185
2100 0.0185783188971
2160 0.0185502225288
2220 0.0185227484153
2280 0.0184958432581
2340 0.018469453759
2400 0.0184435266197
2460 0.0184180085419
2520 0.0183928462273
2580 0.0183679863776
2640 0.0183433756944
2700 0.0183189608795
2760 0.0182946886346
2820 0.0182705056613
2880 0.0182463586613
2940 0.0182221943364
3000 0.0181979593883
3060 0.0181736005186
3120 0.018149064429
3180 0.0181242978212
3240 0.0180992473969
3300 0.0180738598579
3360 0.0180480819057
3420 0.0180218602421
3480 0.0179951415689
3540 0.0179678725876
3600 0.01794
3660 0.0179115922919
3720 0.0178827733682
3780 0.0178535730588
3840 0.0178240211939
3900 0.0177941476035
3960 0.0177639821176
4020 0.0177335545664
4080 0.01770289478
4140 0.0176720325882
4200 0.0176409978214
4260 0.0176098203094
4320 0.0175785298824
4380 0.0175471563704
4440 0.0175157296035
4500 0.0174842794118
4560 0.0174528356253
4620 0.0174214280741
4680 0.0173900865882
4740 0.0173588409978
4800 0.0173277211329
4860 0.0172967568235
4920 0.0172659778998
4980 0.0172354141917
5040 0.0172050955294
5100 0.0171750517429
5160 0.0171453126623
5220 0.0171159081176
5280 0.017086867939
5340 0.0170582219564
5400 0.01703
5460 0.0170018224561
5520 0.0169733235088
5580 0.0169445536842
5640 0.0169155635088
5700 0.0168864035088
5760 0.0168571242105
5820 0.0168277761404
5880 0.0167984098246
5940 0.0167690757895
6000 0.0167398245614
6060 0.0167107066667
6120 0.0166817726316
6180 0.0166530729825
6240 0.0166246582456
6300 0.0165965789474
6360 0.016568885614
6420 0.0165416287719
6480 0.0165148589474
6540 0.0164886266667
6600 0.0164629824561
6660 0.0164379768421
6720 0.0164136603509
6780 0.0163900835088
6840 0.0163672968421
6900 0.0163453508772
6960 0.0163242961404
7020 0.0163041831579
7080 0.0162850624561
7140 0.0162669845614
7200 0.01625
7260 0.0162338740687
7320 0.0162183180005
7380 0.0162033012257
7440 0.0161887931747
7500 0.0161747632781
7560 0.0161611809661
7620 0.0161480156693
7680 0.0161352368181
7740 0.0161228138428
7800 0.016110716174
7860 0.016098913242
7920 0.0160873744773
7980 0.0160760693103
8040 0.0160649671714
8100 0.016054037491
8160 0.0160432496996
8220 0.0160325732276
8280 0.0160219775054
8340 0.0160114319635
8400 0.0160009060322
8460 0.015990369142
8520 0.0159797907234
8580 0.0159691402067
8640 0.0159583870224
8700 0.0159475006008
8760 0.0159364503725
8820 0.0159252057678
8880 0.0159137362173
8940 0.0159020111512
9000 0.01589
9060 0.0158778496932
9120 0.0158657248216
9180 0.0158536213074
9240 0.0158415350732
9300 0.0158294620414
9360 0.0158173981342
9420 0.0158053392742
9480 0.0157932813836
9540 0.0157812203849
9600 0.0157691522006
9660 0.0157570727529
9720 0.0157449779643
9780 0.0157328637571
9840 0.0157207260539
9900 0.0157085607768
9960 0.0156963638485
10020 0.0156841311911
10080 0.0156718587272
10140 0.0156595423792
10200 0.0156471780693
10260 0.0156347617201
10320 0.0156222892539
10380 0.0156097565931
10440 0.0155971596601
10500 0.0155844943773
10560 0.0155717566671
10620 0.0155589424519
10680 0.015546047654
10740 0.0155330681959
10800 0.01552
10860 0.0155067738554
10920 0.0154933346745
10980 0.0154796995646
11040 0.0154658856326
11100 0.0154519099859
11160 0.0154377897316
11220 0.0154235419769
11280 0.015409183829
11340 0.0153947323949
11400 0.015380204782
11460 0.0153656180973
11520 0.0153509894481
11580 0.0153363359415
11640 0.0153216746847
11700 0.0153070227848
11760 0.0152923973491
11820 0.0152778154847
11880 0.0152632942987
11940 0.0152488508985
12000 0.015234502391
12060 0.0152202658835
12120 0.0152061584833
12180 0.0151921972973
12240 0.0151783994329
12300 0.0151647819972
12360 0.0151513620973
12420 0.0151381568405
12480 0.0151251833339
12540 0.0151124586847
12600 0.0151
12660 0.015087749655
12720 0.0150756350815
12780 0.0150636509714
12840 0.0150517920169
12900 0.0150400529101
12960 0.0150284283429
13020 0.0150169130074
13080 0.0150055015958
13140 0.0149941888
13200 0.0149829693122
13260 0.0149718378243
13320 0.0149607890286
13380 0.0149498176169
13440 0.0149389182815
13500 0.0149280857143
13560 0.0149173146074
13620 0.0149065996529
13680 0.0148959355429
13740 0.0148853169693
13800 0.0148747386243
13860 0.0148641952
13920 0.0148536813884
13980 0.0148431918815
14040 0.0148327213714
14100 0.0148222645503
14160 0.0148118161101
14220 0.0148013707429
14280 0.0147909231407
14340 0.0147804679958
14400 0.01477
14460 0.0147595124688
14520 0.0147490060098
14580 0.0147384862534
14640 0.01472795883
14700 0.0147174293701
14760 0.014706903504
14820 0.0146963868623
14880 0.0146858850754
14940 0.0146754037736
15000 0.0146649485874
15060 0.0146545251472
15120 0.0146441390836
15180 0.0146337960268
15240 0.0146235016073
15300 0.0146132614555
15360 0.014603081202
15420 0.014592966477
15480 0.0145829229111
15540 0.0145729561346
15600 0.014563071778
15660 0.0145532754717
15720 0.0145435728462
15780 0.0145339695318
15840 0.014524471159
15900 0.0145150833583
15960 0.01450581176
16020 0.0144966619946
16080 0.0144876396925
16140 0.0144787504842
16200 0.01447
16260 0.0144614068978
16320 0.0144529788556
16380 0.014444705034
16440 0.0144365745934
16500 0.0144285766946
16560 0.0144207004981
16620 0.0144129351645
16680 0.0144052698544
16740 0.0143976937283
16800 0.0143901959469
16860 0.0143827656707
16920 0.0143753920604
16980 0.0143680642765
17040 0.0143607714795
17100 0.0143535028302
17160 0.014346247489
17220 0.0143389946166
17280 0.0143317333736
17340 0.0143244529205
17400 0.0143171424179
17460 0.0143097910264
17520 0.0143023879066
17580 0.0142949222191
17640 0.0142873831245
17700 0.0142797597834
17760 0.0142720413563
17820 0.0142642170038
17880 0.0142562758865
17940 0.0142482071651
18000 0.01424
18060 0.0142316496
18120 0.0142231648
18180 0.0142145552
18240 0.0142058304
18300 0.014197
18360 0.0141880736
18420 0.0141790608
18480 0.0141699712
18540 0.0141608144
18600 0.0141516
18660 0.0141423376
18720 0.0141330368
18780 0.0141237072
18840 0.0141143584
18900 0.014105
18960 0.0140956416
19020 0.0140862928
19080 0.0140769632
19140 0.0140676624
19200 0.0140584
19260 0.0140491856
19320 0.0140400288
19380 0.0140309392
19440 0.0140219264
19500 0.014013
19560 0.0140041696
19620 0.0139954448
19680 0.0139868352
19740 0.0139783504
19800 0.01397
19860 0.0139617300809
19920 0.0139534817532
19980 0.013945257161
20040 0.0139370584484
20100 0.0139288877597
20160 0.013920747239
20220 0.0139126390305
20280 0.0139045652784
20340 0.0138965281268
20400 0.01388852972
20460 0.013880572202
20520 0.0138726577171
20580 0.0138647884094
20640 0.0138569664231
20700 0.0138491939024
20760 0.0138414729915
20820 0.0138338058345
20880 0.0138261945756
20940 0.013818641359
21000 0.0138111483288
21060 0.0138037176293
21120 0.0137963514045
21180 0.0137890517987
21240 0.0137818209561
21300 0.0137746610208
21360 0.0137675741369
21420 0.0137605624488
21480 0.0137536281005
21540 0.0137467732361
21600 0.01374
21660 0.0137333214854
21720 0.0137267453834
21780 0.013720265735
21840 0.013713876581
21900 0.0137075719622
21960 0.0137013459196
22020 0.013695192494
22080 0.0136891057262
22140 0.0136830796572
22200 0.0136771083278
22260 0.0136711857789
22320 0.0136653060514
22380 0.0136594631861
22440 0.0136536512239
22500 0.0136478642057
22560 0.0136420961723
22620 0.0136363411646
22680 0.0136305932235
22740 0.0136248463898
22800 0.0136190947045
22860 0.0136133322083
22920 0.0136075529422
22980 0.013601750947
23040 0.0135959202637
23100 0.013590054933
23160 0.0135841489958
23220 0.0135781964931
23280 0.0135721914656
23340 0.0135661279543
23400 0.01356
23460 0.0135538091246
23520 0.013547563996
23580 0.0135412693745
23640 0.0135349300203
23700 0.0135285506936
23760 0.0135221361544
23820 0.0135156911632
23880 0.0135092204799
23940 0.0135027288649
24000 0.0134962210782
24060 0.0134897018802
24120 0.0134831760309
24180 0.0134766482906
24240 0.0134701234194
24300 0.0134636061776
24360 0.0134571013253
24420 0.0134506136228
24480 0.0134441478301
24540 0.0134377087076
24600 0.0134313010153
24660 0.0134249295135
24720 0.0134185989624
24780 0.0134123141221
24840 0.0134060797529
24900 0.0133999006149
24960 0.0133937814683
25020 0.0133877270734
25080 0.0133817421902
25140 0.013375831579
25200 0.01337
25260 0.0133641998339
25320 0.0133583837265
25380 0.0133525568352
25440 0.0133467243175
25500 0.0133408913309
25560 0.013335063033
25620 0.0133292445812
25680 0.0133234411331
25740 0.0133176578462
25800 0.0133118998779
25860 0.0133061723858
25920 0.0133004805275
25980 0.0132948294603
26040 0.0132892243419
26100 0.0132836703297
26160 0.0132781725812
26220 0.013272736254
26280 0.0132673665055
26340 0.0132620684933
26400 0.0132568473748
26460 0.0132517083077
26520 0.0132466564493
26580 0.0132416969573
26640 0.013236834989
26700 0.0132320757021
26760 0.013227424254
26820 0.0132228858022
26880 0.0132184655043
26940 0.0132141685177
27000 0.01321
27060 0.0132059576276
27120 0.0132020308728
27180 0.0131982125874
27240 0.0131944956229
27300 0.0131908728309
27360 0.0131873370629
27420 0.0131838811707
27480 0.0131804980057
27540 0.0131771804196
27600 0.0131739212639
27660 0.0131707133903
27720 0.0131675496503
27780 0.0131644228956
27840 0.0131613259777
27900 0.0131582517483
27960 0.0131551930588
28020 0.0131521427609
28080 0.0131490937063
28140 0.0131460387464
28200 0.013142970733
28260 0.0131398825175
28320 0.0131367669516
28380 0.0131336168868
28440 0.0131304251748
28500 0.0131271846672
28560 0.0131238882155
28620 0.0131205286713
28680 0.0131170988863
28740 0.013113591712
28800 0.01311
28860 0.0131063140202
28920 0.0131025339798
28980 0.0130986676364
29040 0.0130947227475
29100 0.0130907070707
29160 0.0130866283636
29220 0.0130824943838
29280 0.0130783128889
29340 0.0130740916364
29400 0.0130698383838
29460 0.0130655608889
29520 0.0130612669091
29580 0.013056964202
29640 0.0130526605253
29700 0.0130483636364
29760 0.0130440812929
29820 0.0130398212525
29880 0.0130355912727
29940 0.0130313991111
30000 0.0130272525253
30060 0.0130231592727
30120 0.0130191271111
30180 0.013015163798
30240 0.0130112770909
30300 0.0130074747475
30360 0.0130037645253
30420 0.0130001541818
30480 0.0129966514747
30540 0.0129932641616
30600 0.01299
30660 0.0129868445103
30720 0.0129837743539
30780 0.012980784
30840 0.0129778679177
30900 0.0129750205761
30960 0.0129722364444
31020 0.0129695099918
31080 0.0129668356872
31140 0.012964208
31200 0.0129616213992
31260 0.0129590703539
31320 0.0129565493333
31380 0.0129540528066
31440 0.0129515752428
31500 0.0129491111111
31560 0.0129466548807
31620 0.0129442010206
31680 0.012941744
31740 0.0129392782881
31800 0.0129367983539
31860 0.0129342986667
31920 0.0129317736955
31980 0.0129292179095
32040 0.0129266257778
32100 0.0129239917695
32160 0.0129213103539
32220 0.012918576
32280 0.012915783177
32340 0.0129129263539
32400 0.01291
32460 0.012907000823
32520 0.0129039325103
32580 0.0129008
32640 0.0128976082305
32700 0.0128943621399
32760 0.0128910666667
32820 0.012887726749
32880 0.0128843473251
32940 0.0128809333333
33000 0.0128774897119
33060 0.0128740213992
33120 0.0128705333333
33180 0.0128670304527
33240 0.0128635176955
33300 0.01286
33360 0.0128564823045
33420 0.0128529695473
33480 0.0128494666667
33540 0.0128459786008
33600 0.0128425102881
33660 0.0128390666667
33720 0.0128356526749
33780 0.012832273251
33840 0.0128289333333
33900 0.0128256378601
33960 0.0128223917695
34020 0.0128192
34080 0.0128160674897
34140 0.012812999177
34200 0.01281
34260 0.0128070507325
34320 0.0128041283292
34380 0.012801232
34440 0.0127983609547
34500 0.0127955144033
34560 0.0127926915556
34620 0.0127898916214
34680 0.0127871138107
34740 0.0127843573333
34800 0.0127816213992
34860 0.0127789052181
34920 0.012776208
34980 0.0127735289547
35040 0.0127708672922
35100 0.0127682222222
35160 0.0127655929547
35220 0.0127629786996
35280 0.0127603786667
35340 0.0127577920658
35400 0.012755218107
35460 0.012752656
35520 0.0127501049547
35580 0.0127475641811
35640 0.0127450328889
35700 0.0127425102881
35760 0.0127399955885
35820 0.012737488
35880 0.0127349867325
35940 0.0127324909959
36000 0.01273
36060 0.0127275155252
36120 0.0127250399848
36180 0.0127225735385
36240 0.0127201163457
36300 0.012717668566
36360 0.012715230359
36420 0.0127128018841
36480 0.012710383301
36540 0.0127079747692
36600 0.0127055764482
36660 0.0127031884976
36720 0.0127008110769
36780 0.0126984443457
36840 0.0126960884634
36900 0.0126937435897
36960 0.0126914098841
37020 0.0126890875062
37080 0.0126867766154
37140 0.0126844773713
37200 0.0126821899335
37260 0.0126799144615
37320 0.0126776511149
37380 0.0126754000532
37440 0.0126731614359
37500 0.0126709354226
37560 0.0126687221728
37620 0.0126665218462
37680 0.0126643346021
37740 0.0126621606002
37800 0.01266
37860 0.0126578611966
37920 0.0126557511111
37980 0.0126536676923
38040 0.0126516088889
38100 0.0126495726496
38160 0.0126475569231
38220 0.0126455596581
38280 0.0126435788034
38340 0.0126416123077
38400 0.0126396581197
38460 0.012637714188
38520 0.0126357784615
38580 0.0126338488889
38640 0.0126319234188
38700 0.01263
38760 0.0126280765812
38820 0.0126261511111
38880 0.0126242215385
38940 0.012622285812
39000 0.0126203418803
39060 0.0126183876923
39120 0.0126164211966
39180 0.0126144403419
39240 0.0126124430769
39300 0.0126104273504
39360 0.0126083911111
39420 0.0126063323077
39480 0.0126042488889
39540 0.0126021388034
39600 0.0126
39660 0.0125978218566
39720 0.0125955976448
39780 0.0125933311538
39840 0.0125910261728
39900 0.012588686491
39960 0.0125863158974
40020 0.0125839181814
40080 0.012581497132
40140 0.0125790565385
40200 0.0125766001899
40260 0.0125741318756
40320 0.0125716553846
40380 0.0125691745062
40440 0.0125666930294
40500 0.0125642147436
40560 0.0125617434378
40620 0.0125592829012
40680 0.0125568369231
40740 0.0125544092925
40800 0.0125520037987
40860 0.0125496242308
40920 0.012547274378
40980 0.0125449580294
41040 0.0125426789744
41100 0.0125404410019
41160 0.0125382479012
41220 0.0125361034615
41280 0.012534011472
41340 0.0125319757217
41400 0.01253
41460 0.0125280677984
41520 0.0125261596708
41580 0.012524275
41640 0.0125224131687
41700 0.0125205735597
41760 0.0125187555556
41820 0.0125169585391
41880 0.012515181893
41940 0.012513425
42000 0.0125116872428
42060 0.0125099680041
42120 0.0125082666667
42180 0.0125065826132
42240 0.0125049152263
42300 0.0125032638889
42360 0.0125016279835
42420 0.012500006893
42480 0.0124984
42540 0.0124968066872
42600 0.0124952263374
42660 0.0124936583333
42720 0.0124921020576
42780 0.012490556893
42840 0.0124890222222
42900 0.012487497428
42960 0.012485981893
43020 0.012484475
43080 0.0124829761317
43140 0.0124814846708
43200 0.01248
43260 0.0124785282305
43320 0.0124770752263
43380 0.01247564
43440 0.0124742215638
43500 0.01247281893
43560 0.0124714311111
43620 0.0124700571193
43680 0.0124686959671
43740 0.0124673466667
43800 0.0124660082305
43860 0.0124646796708
43920 0.01246336
43980 0.0124620482305
44040 0.0124607433745
44100 0.0124594444444
44160 0.0124581504527
44220 0.0124568604115
44280 0.0124555733333
44340 0.0124542882305
44400 0.0124530041152
44460 0.01245172
44520 0.0124504348971
44580 0.0124491478189
44640 0.0124478577778
44700 0.012446563786
44760 0.012445264856
44820 0.01244396
44880 0.0124426482305
44940 0.0124413285597
45000 0.01244
45060 0.0124386666667
45120 0.0124373333333
45180 0.012436
45240 0.0124346666667
45300 0.0124333333333
45360 0.012432
45420 0.0124306666667
45480 0.0124293333333
45540 0.012428
45600 0.0124266666667
45660 0.0124253333333
45720 0.012424
45780 0.0124226666667
45840 0.0124213333333
45900 0.01242
45960 0.0124186666667
46020 0.0124173333333
46080 0.012416
46140 0.0124146666667
46200 0.0124133333333
46260 0.012412
46320 0.0124106666667
46380 0.0124093333333
46440 0.012408
46500 0.0124066666667
46560 0.0124053333333
46620 0.012404
46680 0.0124026666667
46740 0.0124013333333
46800 0.0124
46860 0.0123986605291
46920 0.0123973096296
46980 0.0123959485714
47040 0.0123945786243
47100 0.0123932010582
47160 0.0123918171429
47220 0.0123904281481
47280 0.0123890353439
47340 0.01238764
47400 0.0123862433862
47460 0.0123848467725
47520 0.0123834514286
47580 0.0123820586243
47640 0.0123806696296
47700 0.0123792857143
47760 0.0123779081481
47820 0.0123765382011
47880 0.0123751771429
47940 0.0123738262434
48000 0.0123724867725
48060 0.01237116
48120 0.0123698471958
48180 0.0123685496296
48240 0.0123672685714
48300 0.012366005291
48360 0.0123647610582
48420 0.0123635371429
48480 0.0123623348148
48540 0.0123611553439
48600 0.01236
48660 0.0123588711111
48720 0.0123577688889
48780 0.0123566914286
48840 0.0123556368254
48900 0.0123546031746
48960 0.0123535885714
49020 0.0123525911111
49080 0.0123516088889
49140 0.01235064
49200 0.0123496825397
49260 0.0123487346032
49320 0.0123477942857
49380 0.0123468596825
49440 0.0123459288889
49500 0.012345
49560 0.0123440711111
49620 0.0123431403175
49680 0.0123422057143
49740 0.0123412653968
49800 0.0123403174603
49860 0.01233936
49920 0.0123383911111
49980 0.0123374088889
50040 0.0123364114286
50100 0.0123353968254
50160 0.0123343631746
50220 0.0123333085714
50280 0.0123322311111
50340 0.0123311288889
50400 0.01233
50460 0.0123288385185
50520 0.0123276414815
50580 0.0123264114286
50640 0.0123251508995
50700 0.0123238624339
50760 0.0123225485714
50820 0.0123212118519
50880 0.0123198548148
50940 0.01231848
51000 0.0123170899471
51060 0.0123156871958
51120 0.0123142742857
51180 0.0123128537566
51240 0.0123114281481
51300 0.01231
51360 0.0123085718519
51420 0.0123071462434
51480 0.0123057257143
51540 0.0123043128042
51600 0.0123029100529
51660 0.01230152
51720 0.0123001451852
51780 0.0122987881481
51840 0.0122974514286
51900 0.0122961375661
51960 0.0122948491005
52020 0.0122935885714
52080 0.0122923585185
52140 0.0122911614815
52200 0.01229
52260 0.0122888665079
52320 0.0122877511111
52380 0.0122866528571
52440 0.0122855707937
52500 0.0122845039683
52560 0.0122834514286
52620 0.0122824122222
52680 0.0122813853968
52740 0.01228037
52800 0.0122793650794
52860 0.0122783696825
52920 0.0122773828571
52980 0.0122764036508
53040 0.0122754311111
53100 0.0122744642857
53160 0.0122735022222
53220 0.0122725439683
53280 0.0122715885714
53340 0.0122706350794
53400 0.0122696825397
53460 0.01226873
53520 0.0122677765079
53580 0.0122668211111
53640 0.0122658628571
53700 0.0122649007937
53760 0.0122639339683
53820 0.0122629614286
53880 0.0122619822222
53940 0.0122609953968
54000 0.01226
54060 0.0122589935556
54120 0.0122579751111
54180 0.012256946
54240 0.0122559075556
54300 0.0122548611111
54360 0.012253808
54420 0.0122527495556
54480 0.0122516871111
54540 0.012250622
54600 0.0122495555556
54660 0.0122484891111
54720 0.012247424
54780 0.0122463615556
54840 0.0122453031111
54900 0.01224425
54960 0.0122432035556
55020 0.0122421651111
55080 0.012241136
55140 0.0122401175556
55200 0.0122391111111
55260 0.012238118
55320 0.0122371395556
55380 0.0122361771111
55440 0.012235232
55500 0.0122343055556
55560 0.0122333991111
55620 0.012232514
55680 0.0122316515556
55740 0.0122308131111
55800 0.01223
55860 0.0122292087407
55920 0.0122284343704
55980 0.012227676
56040 0.0122269327407
56100 0.0122262037037
56160 0.012225488
56220 0.0122247847407
56280 0.012224093037
56340 0.012223412
56400 0.0122227407407
56460 0.0122220783704
56520 0.012221424
56580 0.0122207767407
56640 0.0122201357037
56700 0.0122195
56760 0.0122188687407
56820 0.012218241037
56880 0.012217616
56940 0.0122169927407
57000 0.0122163703704
57060 0.012215748
57120 0.0122151247407
57180 0.0122144997037
57240 0.012213872
57300 0.0122132407407
57360 0.012212605037
57420 0.012211964
57480 0.0122113167407
57540 0.0122106623704
57600 0.01221
57660 0.0122093261728
57720 0.0122086390123
57780 0.01220794
57840 0.0122072306173
57900 0.0122065123457
57960 0.0122057866667
58020 0.0122050550617
58080 0.0122043190123
58140 0.01220358
58200 0.0122028395062
58260 0.0122020990123
58320 0.01220136
58380 0.0122006239506
58440 0.0121998923457
58500 0.0121991666667
58560 0.0121984483951
58620 0.0121977390123
58680 0.01219704
58740 0.0121963528395
58800 0.0121956790123
58860 0.01219502
58920 0.012194377284
58980 0.0121937523457
59040 0.0121931466667
59100 0.0121925617284
59160 0.0121919990123
59220 0.01219146
59280 0.0121909461728
59340 0.0121904590123
59400 0.01219
59460 0.0121895664198
59520 0.0121891535802
59580 0.01218876
59640 0.0121883841975
59700 0.0121880246914
59760 0.01218768
59820 0.012187348642
59880 0.0121870291358
59940 0.01218672
60000 0.0121864197531
60060 0.0121861269136
60120 0.01218584
60180 0.0121855575309
60240 0.0121852780247
60300 0.012185
60360 0.0121847219753
60420 0.0121844424691
60480 0.01218416
60540 0.0121838730864
60600 0.0121835802469
60660 0.01218328
60720 0.0121829708642
60780 0.012182651358
60840 0.01218232
60900 0.0121819753086
60960 0.0121816158025
61020 0.01218124
61080 0.0121808464198
61140 0.0121804335802
61200 0.01218
61260 0.0121795409877
61320 0.0121790538272
61380 0.01217854
61440 0.0121780009877
61500 0.0121774382716
61560 0.0121768533333
61620 0.0121762476543
61680 0.012175622716
61740 0.01217498
61800 0.0121743209877
61860 0.0121736471605
61920 0.01217296
61980 0.0121722609877
62040 0.0121715516049
62100 0.0121708333333
62160 0.0121701076543
62220 0.0121693760494
62280 0.01216864
62340 0.0121679009877
62400 0.0121671604938
62460 0.01216642
62520 0.0121656809877
62580 0.0121649449383
62640 0.0121642133333
62700 0.0121634876543
62760 0.0121627693827
62820 0.01216206
62880 0.0121613609877
62940 0.0121606738272
63000 0.01216
63060 0.0121593261728
63120 0.0121586390123
63180 0.01215794
63240 0.0121572306173
63300 0.0121565123457
63360 0.0121557866667
63420 0.0121550550617
63480 0.0121543190123
63540 0.01215358
63600 0.0121528395062
63660 0.0121520990123
63720 0.01215136
63780 0.0121506239506
63840 0.0121498923457
63900 0.0121491666667
63960 0.0121484483951
64020 0.0121477390123
64080 0.01214704
64140 0.0121463528395
64200 0.0121456790123
64260 0.01214502
64320 0.012144377284
64380 0.0121437523457
64440 0.0121431466667
64500 0.0121425617284
64560 0.0121419990123
64620 0.01214146
64680 0.0121409461728
64740 0.0121404590123
64800 0.01214
64860 0.0121395628395
64920 0.0121391397531
64980 0.01213873
65040 0.0121383328395
65100 0.0121379475309
65160 0.0121375733333
65220 0.0121372095062
65280 0.0121368553086
65340 0.01213651
65400 0.0121361728395
65460 0.0121358430864
65520 0.01213552
65580 0.0121352028395
65640 0.0121348908642
65700 0.0121345833333
65760 0.0121342795062
65820 0.012133978642
65880 0.01213368
65940 0.0121333828395
66000 0.0121330864198
66060 0.01213279
66120 0.0121324928395
66180 0.0121321941975
66240 0.0121318933333
66300 0.0121315895062
66360 0.0121312819753
66420 0.01213097
66480 0.0121306528395
66540 0.0121303297531
66600 0.01213
66660 0.0121296666667
66720 0.0121293333333
66780 0.012129
66840 0.0121286666667
66900 0.0121283333333
66960 0.012128
67020 0.0121276666667
67080 0.0121273333333
67140 0.012127
67200 0.0121266666667
67260 0.0121263333333
67320 0.012126
67380 0.0121256666667
67440 0.0121253333333
67500 0.012125
67560 0.0121246666667
67620 0.0121243333333
67680 0.012124
67740 0.0121236666667
67800 0.0121233333333
67860 0.012123
67920 0.0121226666667
67980 0.0121223333333
68040 0.012122
68100 0.0121216666667
68160 0.0121213333333
68220 0.012121
68280 0.0121206666667
68340 0.0121203333333
68400 0.01212
68460 0.0121196666667
68520 0.0121193333333
68580 0.012119
68640 0.0121186666667
68700 0.0121183333333
68760 0.012118
68820 0.0121176666667
68880 0.0121173333333
68940 0.012117
69000 0.0121166666667
69060 0.0121163333333
69120 0.012116
69180 0.0121156666667
69240 0.0121153333333
69300 0.012115
69360 0.0121146666667
69420 0.0121143333333
69480 0.012114
69540 0.0121136666667
69600 0.0121133333333
69660 0.012113
69720 0.0121126666667
69780 0.0121123333333
69840 0.012112
69900 0.0121116666667
69960 0.0121113333333
70020 0.012111
70080 0.0121106666667
70140 0.0121103333333
70200 0.01211
70260 0.0121096666667
70320 0.0121093333333
70380 0.012109
70440 0.0121086666667
70500 0.0121083333333
70560 0.012108
70620 0.0121076666667
70680 0.0121073333333
70740 0.012107
70800 0.0121066666667
70860 0.0121063333333
70920 0.012106
70980 0.0121056666667
71040 0.0121053333333
71100 0.012105
71160 0.0121046666667
71220 0.0121043333333
71280 0.012104
71340 0.0121036666667
71400 0.0121033333333
71460 0.012103
71520 0.0121026666667
71580 0.0121023333333
71640 0.012102
71700 0.0121016666667
71760 0.0121013333333
71820 0.012101
71880 0.0121006666667
71940 0.0121003333333
72000 0.0121
72060 0.0120996666667
72120 0.0120993333333
72180 0.012099
72240 0.0120986666667
72300 0.0120983333333
72360 0.012098
72420 0.0120976666667
72480 0.0120973333333
72540 0.012097
72600 0.0120966666667
72660 0.0120963333333
72720 0.012096
72780 0.0120956666667
72840 0.0120953333333
72900 0.012095
72960 0.0120946666667
73020 0.0120943333333
73080 0.012094
73140 0.0120936666667
73200 0.0120933333333
73260 0.012093
73320 0.0120926666667
73380 0.0120923333333
73440 0.012092
73500 0.0120916666667
73560 0.0120913333333
73620 0.012091
73680 0.0120906666667
73740 0.0120903333333
73800 0.01209
73860 0.0120896666667
73920 0.0120893333333
73980 0.012089
74040 0.0120886666667
74100 0.0120883333333
74160 0.012088
74220 0.0120876666667
74280 0.0120873333333
74340 0.012087
74400 0.0120866666667
74460 0.0120863333333
74520 0.012086
74580 0.0120856666667
74640 0.0120853333333
74700 0.012085
74760 0.0120846666667
74820 0.0120843333333
74880 0.012084
74940 0.0120836666667
75000 0.0120833333333
75060 0.012083
75120 0.0120826666667
75180 0.0120823333333
75240 0.012082
75300 0.0120816666667
75360 0.0120813333333
75420 0.012081
75480 0.0120806666667
75540 0.0120803333333
75600 0.01208
75660 0.0120796666667
75720 0.0120793333333
75780 0.012079
75840 0.0120786666667
75900 0.0120783333333
75960 0.012078
76020 0.0120776666667
76080 0.0120773333333
76140 0.012077
76200 0.0120766666667
76260 0.0120763333333
76320 0.012076
76380 0.0120756666667
76440 0.0120753333333
76500 0.012075
76560 0.0120746666667
76620 0.0120743333333
76680 0.012074
76740 0.0120736666667
76800 0.0120733333333
76860 0.012073
76920 0.0120726666667
76980 0.0120723333333
77040 0.012072
77100 0.0120716666667
77160 0.0120713333333
77220 0.012071
77280 0.0120706666667
77340 0.0120703333333
77400 0.01207
77460 0.0120696559259
77520 0.0120692918519
77580 0.01206891
77640 0.0120685125926
77700 0.0120681018519
77760 0.01206768
77820 0.0120672492593
77880 0.0120668118519
77940 0.01206637
78000 0.0120659259259
78060 0.0120654818519
78120 0.01206504
78180 0.0120646025926
78240 0.0120641718519
78300 0.01206375
78360 0.0120633392593
78420 0.0120629418519
78480 0.01206256
78540 0.0120621959259
78600 0.0120618518519
78660 0.01206153
78720 0.0120612325926
78780 0.0120609618519
78840 0.01206072
78900 0.0120605092593
78960 0.0120603318519
79020 0.01206019
79080 0.0120600859259
79140 0.0120600218519
79200 0.01206
79260 0.01206
79320 0.01206
79380 0.01206
79440 0.01206
79500 0.01206
79560 0.01206
79620 0.01206
79680 0.01206
79740 0.01206
79800 0.01206
79860 0.01206
79920 0.01206
79980 0.01206
80040 0.01206
80100 0.01206
80160 0.01206
80220 0.01206
80280 0.01206
80340 0.01206
80400 0.01206
80460 0.01206
80520 0.01206
80580 0.01206
80640 0.01206
80700 0.01206
80760 0.01206
80820 0.01206
80880 0.01206
80940 0.01206
81000 0.01206
81060 0.0120599674074
81120 0.0120598725926
81180 0.01205972
81240 0.0120595140741
81300 0.0120592592593
81360 0.01205896
81420 0.0120586207407
81480 0.0120582459259
81540 0.01205784
81600 0.0120574074074
81660 0.0120569525926
81720 0.01205648
81780 0.0120559940741
81840 0.0120554992593
81900 0.012055
81960 0.0120545007407
82020 0.0120540059259
82080 0.01205352
82140 0.0120530474074
82200 0.0120525925926
82260 0.01205216
82320 0.0120517540741
82380 0.0120513792593
82440 0.01205104
82500 0.0120507407407
82560 0.0120504859259
82620 0.01205028
82680 0.0120501274074
82740 0.0120500325926
82800 0.01205
82860 0.01205
82920 0.01205
82980 0.01205
83040 0.01205
83100 0.01205
83160 0.01205
83220 0.01205
83280 0.01205
83340 0.01205
83400 0.01205
83460 0.01205
83520 0.01205
83580 0.01205
83640 0.01205
83700 0.01205
83760 0.01205
83820 0.01205
83880 0.01205
83940 0.01205
84000 0.01205
84060 0.01205
84120 0.01205
84180 0.01205
84240 0.01205
84300 0.01205
84360 0.01205
84420 0.01205
84480 0.01205
84540 0.01205
84600 0.01205
84660 0.0120499674074
84720 0.0120498725926
84780 0.01204972
84840 0.0120495140741
84900 0.0120492592593
84960 0.01204896
85020 0.0120486207407
85080 0.0120482459259
85140 0.01204784
85200 0.0120474074074
85260 0.0120469525926
85320 0.01204648
85380 0.0120459940741
85440 0.0120454992593
85500 0.012045
85560 0.0120445007407
85620 0.0120440059259
85680 0.01204352
85740 0.0120430474074
85800 0.0120425925926
85860 0.01204216
85920 0.0120417540741
85980 0.0120413792593
86040 0.01204104
86100 0.0120407407407
86160 0.0120404859259
86220 0.01204028
86280 0.0120401274074
86340 0.0120400325926
86400 0.01204
86460 0.01204
86520 0.01204
86580 0.01204
86640 0.01204
86700 0.01204
86760 0.01204
86820 0.01204
86880 0.01204
86940 0.01204
87000 0.01204
87060 0.01204
87120 0.01204
87180 0.01204
87240 0.01204
87300 0.01204
87360 0.01204
87420 0.01204
87480 0.01204
87540 0.01204
87600 0.01204
87660 0.01204
87720 0.01204
87780 0.01204
87840 0.01204
87900 0.01204
87960 0.01204
88020 0.01204
88080 0.01204
88140 0.01204
88200 0.01204
88260 0.0120399674074
88320 0.0120398725926
88380 0.01203972
88440 0.0120395140741
88500 0.0120392592593
88560 0.01203896
88620 0.0120386207407
88680 0.0120382459259
88740 0.01203784
88800 0.0120374074074
88860 0.0120369525926
88920 0.01203648
88980 0.0120359940741
89040 0.0120354992593
89100 0.012035
89160 0.0120345007407
89220 0.0120340059259
89280 0.01203352
89340 0.0120330474074
89400 0.0120325925926
89460 0.01203216
89520 0.0120317540741
89580 0.0120313792593
89640 0.01203104
89700 0.0120307407407
89760 0.0120304859259
89820 0.01203028
89880 0.0120301274074
89940 0.0120300325926
90000 0.01203
90060 0.01203
90120 0.01203
90180 0.01203
90240 0.01203
90300 0.01203
90360 0.01203
90420 0.01203
90480 0.01203
90540 0.01203
90600 0.01203
90660 0.01203
90720 0.01203
90780 0.01203
90840 0.01203
90900 0.01203
90960 0.01203
91020 0.01203
91080 0.01203
91140 0.01203
91200 0.01203
91260 0.01203
91320 0.01203
91380 0.01203
91440 0.01203
91500 0.01203
91560 0.01203
91620 0.01203
91680 0.01203
91740 0.01203
91800 0.01203
91860 0.01203
91920 0.01203
91980 0.01203
92040 0.01203
92100 0.01203
92160 0.01203
92220 0.01203
92280 0.01203
92340 0.01203
92400 0.01203
92460 0.01203
92520 0.01203
92580 0.01203
92640 0.01203
92700 0.01203
92760 0.01203
92820 0.01203
92880 0.01203
92940 0.01203
93000 0.01203
93060 0.01203
93120 0.01203
93180 0.01203
93240 0.01203
93300 0.01203
93360 0.01203
93420 0.01203
93480 0.01203
93540 0.01203
93600 0.01203
93660 0.01203
93720 0.01203
93780 0.01203
93840 0.01203
93900 0.01203
93960 0.01203
94020 0.01203
94080 0.01203
94140 0.01203
94200 0.01203
94260 0.01203
94320 0.01203
94380 0.01203
94440 0.01203
94500 0.01203
94560 0.01203
94620 0.01203
94680 0.01203
94740 0.01203
94800 0.01203
94860 0.01203
94920 0.01203
94980 0.01203
95040 0.01203
95100 0.01203
95160 0.01203
95220 0.01203
95280 0.01203
95340 0.01203
95400 0.01203
95460 0.0120299674074
95520 0.0120298725926
95580 0.01202972
95640 0.0120295140741
95700 0.0120292592593
95760 0.01202896
95820 0.0120286207407
95880 0.0120282459259
95940 0.01202784
96000 0.0120274074074
96060 0.0120269525926
96120 0.01202648
96180 0.0120259940741
96240 0.0120254992593
96300 0.012025
96360 0.0120245007407
96420 0.0120240059259
96480 0.01202352
96540 0.0120230474074
96600 0.0120225925926
96660 0.01202216
96720 0.0120217540741
96780 0.0120213792593
96840 0.01202104
96900 0.0120207407407
96960 0.0120204859259
97020 0.01202028
97080 0.0120201274074
97140 0.0120200325926
97200 0.01202
97260 0.01202
97320 0.01202
97380 0.01202
97440 0.01202
97500 0.01202
97560 0.01202
97620 0.01202
97680 0.01202
97740 0.01202
97800 0.01202
97860 0.01202
97920 0.01202
97980 0.01202
98040 0.01202
98100 0.01202
98160 0.01202
98220 0.01202
98280 0.01202
98340 0.01202
98400 0.01202
98460 0.01202
98520 0.01202
98580 0.01202
98640 0.01202
98700 0.01202
98760 0.01202
98820 0.01202
98880 0.01202
98940 0.01202
99000 0.01202
99060 0.01202
99120 0.01202
99180 0.01202
99240 0.01202
99300 0.01202
99360 0.01202
99420 0.01202
99480 0.01202
99540 0.01202
99600 0.01202
99660 0.01202
99720 0.01202
99780 0.01202
99840 0.01202
99900 0.01202
99960 0.01202
100020 0.01202
100080 0.01202
100140 0.01202
100200 0.01202
100260 0.01202
100320 0.01202
100380 0.01202
100440 0.01202
100500 0.01202
100560 0.01202
100620 0.01202
100680 0.01202
100740 0.01202
100800 0.01202
100860 0.01202
100920 0.01202
100980 0.01202
101040 0.01202
101100 0.01202
101160 0.01202
101220 0.01202
101280 0.01202
101340 0.01202
101400 0.01202
101460 0.01202
101520 0.01202
101580 0.01202
101640 0.01202
101700 0.01202
101760 0.01202
101820 0.01202
101880 0.01202
101940 0.01202
102000 0.01202
102060 0.01202
102120 0.01202
102180 0.01202
102240 0.01202
102300 0.01202
102360 0.01202
102420 0.01202
102480 0.01202
102540 0.01202
102600 0.01202
102660 0.01202
102720 0.01202
102780 0.01202
102840 0.01202
102900 0.01202
102960 0.01202
103020 0.01202
103080 0.01202
103140 0.01202
103200 0.01202
103260 0.01202
103320 0.01202
103380 0.01202
103440 0.01202
103500 0.01202
103560 0.01202
103620 0.01202
103680 0.01202
103740 0.01202
103800 0.01202
103860 0.01202
103920 0.01202
103980 0.01202
104040 0.01202
104100 0.01202
104160 0.01202
104220 0.01202
104280 0.01202
104340 0.01202
104400 0.01202
104460 0.0120199674074
104520 0.0120198725926
104580 0.01201972
104640 0.0120195140741
104700 0.0120192592593
104760 0.01201896
104820 0.0120186207407
104880 0.0120182459259
104940 0.01201784
105000 0.0120174074074
105060 0.0120169525926
105120 0.01201648
105180 0.0120159940741
105240 0.0120154992593
105300 0.012015
105360 0.0120145007407
105420 0.0120140059259
105480 0.01201352
105540 0.0120130474074
105600 0.0120125925926
105660 0.01201216
105720 0.0120117540741
105780 0.0120113792593
105840 0.01201104
105900 0.0120107407407
105960 0.0120104859259
106020 0.01201028
106080 0.0120101274074
106140 0.0120100325926
106200 0.01201
106260 0.01201
106320 0.01201
106380 0.01201
106440 0.01201
106500 0.01201
106560 0.01201
106620 0.01201
106680 0.01201
106740 0.01201
106800 0.01201
106860 0.01201
106920 0.01201
106980 0.01201
107040 0.01201
107100 0.01201
107160 0.01201
107220 0.01201
107280 0.01201
107340 0.01201
107400 0.01201
107460 0.01201
107520 0.01201
107580 0.01201
107640 0.01201
107700 0.01201
107760 0.01201
107820 0.01201
107880 0.01201
107940 0.01201
108000 0.01201
108060 0.01201
108120 0.01201
108180 0.01201
108240 0.01201
108300 0.01201
108360 0.01201
108420 0.01201
108480 0.01201
108540 0.01201
108600 0.01201
108660 0.01201
108720 0.01201
108780 0.01201
108840 0.01201
108900 0.01201
108960 0.01201
109020 0.01201
109080 0.01201
109140 0.01201
109200 0.01201
109260 0.01201
109320 0.01201
109380 0.01201
109440 0.01201
109500 0.01201
109560 0.01201
109620 0.01201
109680 0.01201
109740 0.01201
109800 0.01201
109860 0.01201
109920 0.01201
109980 0.01201
110040 0.01201
110100 0.01201
110160 0.01201
110220 0.01201
110280 0.01201
110340 0.01201
110400 0.01201
110460 0.01201
110520 0.01201
110580 0.01201
110640 0.01201
110700 0.01201
110760 0.01201
110820 0.01201
110880 0.01201
110940 0.01201
111000 0.01201
111060 0.01201
111120 0.01201
111180 0.01201
111240 0.01201
111300 0.01201
111360 0.01201
111420 0.01201
111480 0.01201
111540 0.01201
111600 0.01201
111660 0.01201
111720 0.01201
111780 0.01201
111840 0.01201
111900 0.01201
111960 0.01201
112020 0.01201
112080 0.01201
112140 0.01201
112200 0.01201
112260 0.01201
112320 0.01201
112380 0.01201
112440 0.01201
112500 0.01201
112560 0.01201
112620 0.01201
112680 0.01201
112740 0.01201
112800 0.01201
112860 0.01201
112920 0.01201
112980 0.01201
113040 0.01201
113100 0.01201
113160 0.01201
113220 0.01201
113280 0.01201
113340 0.01201
113400 0.01201
113460 0.01201
113520 0.01201
113580 0.01201
113640 0.01201
113700 0.01201
113760 0.01201
113820 0.01201
113880 0.01201
113940 0.01201
114000 0.01201
114060 0.01201
114120 0.01201
114180 0.01201
114240 0.01201
114300 0.01201
114360 0.01201
114420 0.01201
114480 0.01201
114540 0.01201
114600 0.01201
114660 0.01201
114720 0.01201
114780 0.01201
114840 0.01201
114900 0.01201
114960 0.01201
115020 0.01201
115080 0.01201
115140 0.01201
115200 0.01201
115260 0.01201
115320 0.01201
115380 0.01201
115440 0.01201
115500 0.01201
115560 0.01201
115620 0.01201
115680 0.01201
115740 0.01201
115800 0.01201
115860 0.01201
115920 0.01201
115980 0.01201
116040 0.01201
116100 0.01201
116160 0.01201
116220 0.01201
116280 0.01201
116340 0.01201
116400 0.01201
116460 0.01201
116520 0.01201
116580 0.01201
116640 0.01201
116700 0.01201
116760 0.01201
116820 0.01201
116880 0.01201
116940 0.01201
117000 0.01201
117060 0.01201
117120 0.01201
117180 0.01201
117240 0.01201
117300 0.01201
117360 0.01201
117420 0.01201
117480 0.01201
117540 0.01201
117600 0.01201
117660 0.01201
117720 0.01201
117780 0.01201
117840 0.01201
117900 0.01201
117960 0.01201
118020 0.01201
118080 0.01201
118140 0.01201
118200 0.01201
118260 0.01201
118320 0.01201
118380 0.01201
118440 0.01201
118500 0.01201
118560 0.01201
118620 0.01201
118680 0.01201
118740 0.01201
118800 0.01201
118860 0.01201
118920 0.01201
118980 0.01201
119040 0.01201
119100 0.01201
119160 0.01201
119220 0.01201
119280 0.01201
119340 0.01201
119400 0.01201
119460 0.01201
119520 0.01201
119580 0.01201
119640 0.01201
119700 0.01201
119760 0.01201
119820 0.01201
119880 0.01201
119940 0.01201
120000 0.01201
120060 0.01201
120120 0.01201
120180 0.01201
120240 0.01201
120300 0.01201
120360 0.01201
120420 0.01201
120480 0.01201
120540 0.01201
120600 0.01201
120660 0.01201
120720 0.01201
120780 0.01201
120840 0.01201
120900 0.01201
120960 0.01201
121020 0.01201
121080 0.01201
121140 0.01201
121200 0.01201
121260 0.01201
121320 0.01201
121380 0.01201
121440 0.01201
121500 0.01201
121560 0.01201
121620 0.01201
121680 0.01201
121740 0.01201
121800 0.01201
121860 0.01201
121920 0.01201
121980 0.01201
122040 0.01201
122100 0.01201
122160 0.01201
122220 0.01201
122280 0.01201
122340 0.01201
122400 0.01201
122460 0.01201
122520 0.01201
122580 0.01201
122640 0.01201
122700 0.01201
122760 0.01201
122820 0.01201
122880 0.01201
122940 0.01201
123000 0.01201
123060 0.01201
123120 0.01201
123180 0.01201
123240 0.01201
123300 0.01201
123360 0.01201
123420 0.01201
123480 0.01201
123540 0.01201
123600 0.01201
123660 0.01201
123720 0.01201
123780 0.01201
123840 0.01201
123900 0.01201
123960 0.01201
124020 0.01201
124080 0.01201
124140 0.01201
124200 0.01201
124260 0.0120099674074
124320 0.0120098725926
124380 0.01200972
124440 0.0120095140741
124500 0.0120092592593
124560 0.01200896
124620 0.0120086207407
124680 0.0120082459259
124740 0.01200784
124800 0.0120074074074
124860 0.0120069525926
124920 0.01200648
124980 0.0120059940741
125040 0.0120054992593
125100 0.012005
125160 0.0120045007407
125220 0.0120040059259
125280 0.01200352
125340 0.0120030474074
125400 0.0120025925926
125460 0.01200216
125520 0.0120017540741
125580 0.0120013792593
125640 0.01200104
125700 0.0120007407407
125760 0.0120004859259
125820 0.01200028
125880 0.0120001274074
125940 0.0120000325926
126000 0.012
126060 0.012
126120 0.012
126180 0.012
126240 0.012
126300 0.012
126360 0.012
126420 0.012
126480 0.012
126540 0.012
126600 0.012
126660 0.012
126720 0.012
126780 0.012
126840 0.012
126900 0.012
126960 0.012
127020 0.012
127080 0.012
127140 0.012
127200 0.012
127260 0.012
127320 0.012
127380 0.012
127440 0.012
127500 0.012
127560 0.012
127620 0.012
127680 0.012
127740 0.012
127800 0.012
127860 0.012
127920 0.012
127980 0.012
128040 0.012
128100 0.012
128160 0.012
128220 0.012
128280 0.012
128340 0.012
128400 0.012
128460 0.012
128520 0.012
128580 0.012
128640 0.012
128700 0.012
128760 0.012
128820 0.012
128880 0.012
128940 0.012
129000 0.012
129060 0.012
129120 0.012
129180 0.012
129240 0.012
129300 0.012
129360 0.012
129420 0.012
129480 0.012
129540 0.012
129600 0.012
129660 0.012
129720 0.012
129780 0.012
129840 0.012
129900 0.012
129960 0.012
130020 0.012
130080 0.012
130140 0.012
130200 0.012
130260 0.012
130320 0.012
130380 0.012
130440 0.012
130500 0.012
130560 0.012
130620 0.012
130680 0.012
130740 0.012
130800 0.012
130860 0.012
130920 0.012
130980 0.012
131040 0.012
131100 0.012
131160 0.012
131220 0.012
131280 0.012
131340 0.012
131400 0.012
131460 0.012
131520 0.012
131580 0.012
131640 0.012
131700 0.012
131760 0.012
131820 0.012
131880 0.012
131940 0.012
132000 0.012
132060 0.012
132120 0.012
132180 0.012
132240 0.012
132300 0.012
132360 0.012
132420 0.012
132480 0.012
132540 0.012
132600 0.012
132660 0.012
132720 0.012
132780 0.012
132840 0.012
132900 0.012
132960 0.012
133020 0.012
133080 0.012
133140 0.012
133200 0.012
133260 0.012
133320 0.012
133380 0.012
133440 0.012
133500 0.012
133560 0.012
133620 0.012
133680 0.012
133740 0.012
133800 0.012
133860 0.012
133920 0.012
133980 0.012
134040 0.012
134100 0.012
134160 0.012
134220 0.012
134280 0.012
134340 0.012
134400 0.012
134460 0.012
134520 0.012
134580 0.012
134640 0.012
134700 0.012
134760 0.012
134820 0.012
134880 0.012
134940 0.012
135000 0.012
135060 0.012
135120 0.012
135180 0.012
135240 0.012
135300 0.012
135360 0.012
135420 0.012
135480 0.012
135540 0.012
135600 0.012
135660 0.012
135720 0.012
135780 0.012
135840 0.012
135900 0.012
135960 0.012
136020 0.012
136080 0.012
136140 0.012
136200 0.012
136260 0.012
136320 0.012
136380 0.012
136440 0.012
136500 0.012
136560 0.012
136620 0.012
136680 0.012
136740 0.012
136800 0.012
136860 0.012
136920 0.012
136980 0.012
137040 0.012
137100 0.012
137160 0.012
137220 0.012
137280 0.012
137340 0.012
137400 0.012
137460 0.012
137520 0.012
137580 0.012
137640 0.012
137700 0.012
137760 0.012
137820 0.012
137880 0.012
137940 0.012
138000 0.012
138060 0.012
138120 0.012
138180 0.012
138240 0.012
138300 0.012
138360 0.012
138420 0.012
138480 0.012
138540 0.012
138600 0.012
138660 0.012
138720 0.012
138780 0.012
138840 0.012
138900 0.012
138960 0.012
139020 0.012
139080 0.012
139140 0.012
139200 0.012
139260 0.012
139320 0.012
139380 0.012
139440 0.012
139500 0.012
139560 0.012
139620 0.012
139680 0.012
139740 0.012
139800 0.012
139860 0.012
139920 0.012
139980 0.012
140040 0.012
140100 0.012
140160 0.012
140220 0.012
140280 0.012
140340 0.012
140400 0.012
140460 0.012
140520 0.012
140580 0.012
140640 0.012
140700 0.012
140760 0.012
140820 0.012
140880 0.012
140940 0.012
141000 0.012
141060 0.012
141120 0.012
141180 0.012
141240 0.012
141300 0.012
141360 0.012
141420 0.012
141480 0.012
141540 0.012
141600 0.012
141660 0.012
141720 0.012
141780 0.012
141840 0.012
141900 0.012
141960 0.012
142020 0.012
142080 0.012
142140 0.012
142200 0.012
142260 0.012
142320 0.012
142380 0.012
142440 0.012
142500 0.012
142560 0.012
142620 0.012
142680 0.012
142740 0.012
142800 0.012
142860 0.012
142920 0.012
142980 0.012
143040 0.012
143100 0.012
143160 0.012
143220 0.012
143280 0.012
143340 0.012
143400 0.012
143460 0.012
143520 0.012
143580 0.012
143640 0.012
143700 0.012
143760 0.012
143820 0.012
143880 0.012
143940 0.012
144000 0.012
144060 0.012
144120 0.012
144180 0.012
144240 0.012
144300 0.012
144360 0.012
144420 0.012
144480 0.012
144540 0.012
144600 0.012
144660 0.012
144720 0.012
144780 0.012
144840 0.012
144900 0.012
144960 0.012
145020 0.012
145080 0.012
145140 0.012
145200 0.012
145260 0.012
145320 0.012
145380 0.012
145440 0.012
145500 0.012
145560 0.012
145620 0.012
145680 0.012
145740 0.012
145800 0.012
145860 0.012
145920 0.012
145980 0.012
146040 0.012
146100 0.012
146160 0.012
146220 0.012
146280 0.012
146340 0.012
146400 0.012
146460 0.012
146520 0.012
146580 0.012
146640 0.012
146700 0.012
146760 0.012
146820 0.012
146880 0.012
146940 0.012
147000 0.012
147060 0.012
147120 0.012
147180 0.012
147240 0.012
147300 0.012
147360 0.012
147420 0.012
147480 0.012
147540 0.012
147600 0.012
147660 0.012
147720 0.012
147780 0.012
147840 0.012
147900 0.012
147960 0.012
148020 0.012
148080 0.012
148140 0.012
148200 0.012
148260 0.012
148320 0.012
148380 0.012
148440 0.012
148500 0.012
148560 0.012
148620 0.012
148680 0.012
148740 0.012
148800 0.012
148860 0.012
148920 0.012
148980 0.012
149040 0.012
149100 0.012
149160 0.012
149220 0.012
149280 0.012
149340 0.012
149400 0.012
149460 0.012
149520 0.012
149580 0.012
149640 0.012
149700 0.012
149760 0.012
149820 0.012
149880 0.012
149940 0.012
150000 0.012
150060 0.012
150120 0.012
150180 0.012
150240 0.012
150300 0.012
150360 0.012
150420 0.012
150480 0.012
150540 0.012
150600 0.012
150660 0.012
150720 0.012
150780 0.012
150840 0.012
150900 0.012
150960 0.012
151020 0.012
151080 0.012
151140 0.012
151200 0.012
151260 0.012
151320 0.012
151380 0.012
151440 0.012
151500 0.012
151560 0.012
151620 0.012
151680 0.012
151740 0.012
151800 0.012
151860 0.012
151920 0.012
151980 0.012
152040 0.012
152100 0.012
152160 0.012
152220 0.012
152280 0.012
152340 0.012
152400 0.012
152460 0.012
152520 0.012
152580 0.012
152640 0.012
152700 0.012
152760 0.012
152820 0.012
152880 0.012
152940 0.012
153000 0.012
153060 0.012
153120 0.012
153180 0.012
153240 0.012
153300 0.012
153360 0.012
153420 0.012
153480 0.012
153540 0.012
153600 0.012
153660 0.012
153720 0.012
153780 0.012
153840 0.012
153900 0.012
153960 0.012
154020 0.012
154080 0.012
154140 0.012
154200 0.012
154260 0.012
154320 0.012
154380 0.012
154440 0.012
154500 0.012
154560 0.012
154620 0.012
154680 0.012
154740 0.012
154800 0.012
154860 0.012
154920 0.012
154980 0.012
155040 0.012
155100 0.012
155160 0.012
155220 0.012
155280 0.012
155340 0.012
155400 0.012
155460 0.012
155520 0.012
155580 0.012
155640 0.012
155700 0.012
155760 0.012
155820 0.012
155880 0.012
155940 0.012
156000 0.012
156060 0.012
156120 0.012
156180 0.012
156240 0.012
156300 0.012
156360 0.012
156420 0.012
156480 0.012
156540 0.012
156600 0.012
156660 0.012
156720 0.012
156780 0.012
156840 0.012
156900 0.012
156960 0.012
157020 0.012
157080 0.012
157140 0.012
157200 0.012
157260 0.012
157320 0.012
157380 0.012
157440 0.012
157500 0.012
157560 0.012
157620 0.012
157680 0.012
157740 0.012
157800 0.012
157860 0.012
157920 0.012
157980 0.012
158040 0.012
158100 0.012
158160 0.012
158220 0.012
158280 0.012
158340 0.012
158400 0.012
158460 0.012
158520 0.012
158580 0.012
158640 0.012
158700 0.012
158760 0.012
158820 0.012
158880 0.012
158940 0.012
159000 0.012
159060 0.012
159120 0.012
159180 0.012
159240 0.012
159300 0.012
159360 0.012
159420 0.012
159480 0.012
159540 0.012
159600 0.012
159660 0.012
159720 0.012
159780 0.012
159840 0.012
159900 0.012
159960 0.012
160020 0.012
160080 0.012
160140 0.012
160200 0.012
160260 0.012
160320 0.012
160380 0.012
160440 0.012
160500 0.012
160560 0.012
160620 0.012
160680 0.012
160740 0.012
160800 0.012
160860 0.012
160920 0.012
160980 0.012
161040 0.012
161100 0.012
161160 0.012
161220 0.012
161280 0.012
161340 0.012
161400 0.012
161460 0.012
161520 0.012
161580 0.012
161640 0.012
161700 0.012
161760 0.012
161820 0.012
161880 0.012
161940 0.012
162000 0.012
162060 0.012
162120 0.012
162180 0.012
162240 0.012
162300 0.012
162360 0.012
162420 0.012
162480 0.012
162540 0.012
162600 0.012
162660 0.012
162720 0.012
162780 0.012
162840 0.012
162900 0.012
162960 0.012
163020 0.012
163080 0.012
163140 0.012
163200 0.012
163260 0.012
163320 0.012
163380 0.012
163440 0.012
163500 0.012
163560 0.012
163620 0.012
163680 0.012
163740 0.012
163800 0.012
163860 0.012
163920 0.012
163980 0.012
164040 0.012
164100 0.012
164160 0.012
164220 0.012
164280 0.012
164340 0.012
164400 0.012
164460 0.012
164520 0.012
164580 0.012
164640 0.012
164700 0.012
164760 0.012
164820 0.012
164880 0.012
164940 0.012
165000 0.012
165060 0.012
165120 0.012
165180 0.012
165240 0.012
165300 0.012
165360 0.012
165420 0.012
165480 0.012
165540 0.012
165600 0.012
165660 0.012
165720 0.012
165780 0.012
165840 0.012
165900 0.012
165960 0.012
166020 0.012
166080 0.012
166140 0.012
166200 0.012
166260 0.012
166320 0.012
166380 0.012
166440 0.012
166500 0.012
166560 0.012
166620 0.012
166680 0.012
166740 0.012
166800 0.012
166860 0.012
166920 0.012
166980 0.012
167040 0.012
167100 0.012
167160 0.012
167220 0.012
167280 0.012
167340 0.012
167400 0.012
167460 0.012
167520 0.012
167580 0.012
167640 0.012
167700 0.012
167760 0.012
167820 0.012
167880 0.012
167940 0.012
168000 0.012
168060 0.012
168120 0.012
168180 0.012
168240 0.012
168300 0.012
168360 0.012
168420 0.012
168480 0.012
168540 0.012
168600 0.012
168660 0.012
168720 0.012
168780 0.012
168840 0.012
168900 0.012
168960 0.012
169020 0.012
169080 0.012
169140 0.012
169200 0.012
169260 0.012
169320 0.012
169380 0.012
169440 0.012
169500 0.012
169560 0.012
169620 0.012
169680 0.012
169740 0.012
169800 0.012
169860 0.012
169920 0.012
169980 0.012
170040 0.012
170100 0.012
170160 0.012
170220 0.012
170280 0.012
170340 0.012
170400 0.012
170460 0.012
170520 0.012
170580 0.012
170640 0.012
170700 0.012
170760 0.012
170820 0.012
170880 0.012
170940 0.012
171000 0.012
171060 0.012
171120 0.012
171180 0.012
171240 0.012
171300 0.012
171360 0.012
171420 0.012
171480 0.012
171540 0.012
171600 0.012
171660 0.012
171720 0.012
171780 0.012
171840 0.012
171900 0.012
171960 0.012
172020 0.012
172080 0.012
172140 0.012
172200 0.012
172260 0.012
172320 0.012
172380 0.012
172440 0.012
172500 0.012
172560 0.012
172620 0.012
172680 0.012
172740 0.012
172800 0.012
172860 0.012
172920 0.012
172980 0.012
173040 0.012
173100 0.012
173160 0.012
173220 0.012
173280 0.012
173340 0.012
173400 0.012
173460 0.012
173520 0.012
173580 0.012
173640 0.012
173700 0.012
173760 0.012
173820 0.012
173880 0.012
173940 0.012
174000 0.012
174060 0.012
174120 0.012
174180 0.012
174240 0.012
174300 0.012
174360 0.012
174420 0.012
174480 0.012
174540 0.012
174600 0.012
174660 0.012
174720 0.012
174780 0.012
174840 0.012
174900 0.012
174960 0.012
175020 0.012
175080 0.012
175140 0.012
175200 0.012
175260 0.012
175320 0.012
175380 0.012
175440 0.012
175500 0.012
175560 0.012
175620 0.012
175680 0.012
175740 0.012
175800 0.012
175860 0.012
175920 0.012
175980 0.012
176040 0.012
176100 0.012
176160 0.012
176220 0.012
176280 0.012
176340 0.012
176400 0.012
176460 0.012
176520 0.012
176580 0.012
176640 0.012
176700 0.012
176760 0.012
176820 0.012
176880 0.012
176940 0.012
177000 0.012
177060 0.012
177120 0.012
177180 0.012
177240 0.012
177300 0.012
177360 0.012
177420 0.012
177480 0.012
177540 0.012
177600 0.012
177660 0.012
177720 0.012
177780 0.012
177840 0.012
177900 0.012
177960 0.012
178020 0.012
178080 0.012
178140 0.012
178200 0.012
178260 0.012
178320 0.012
178380 0.012
178440 0.012
178500 0.012
178560 0.012
178620 0.012
178680 0.012
178740 0.012
178800 0.012
178860 0.012
178920 0.012
178980 0.012
179040 0.012
179100 0.012
179160 0.012
179220 0.012
179280 0.012
179340 0.012
179400 0.012
179460 0.012
179520 0.012
179580 0.012
179640 0.012
179700 0.012
179760 0.012
179820 0.012
179880 0.012
179940 0.012
180000 0.012
180060 0.012
180120 0.012
180180 0.012
180240 0.012
180300 0.012
180360 0.012
180420 0.012
180480 0.012
180540 0.012
180600 0.012
180660 0.012
180720 0.012
180780 0.012
180840 0.012
180900 0.012
180960 0.012
181020 0.012
181080 0.012
181140 0.012
181200 0.012
181260 0.012
181320 0.012
181380 0.012
181440 0.012
181500 0.012
181560 0.012
181620 0.012
181680 0.012
181740 0.012
181800 0.012
181860 0.012
181920 0.012
181980 0.012
182040 0.012
182100 0.012
182160 0.012
182220 0.012
182280 0.012
182340 0.012
182400 0.012
182460 0.012
182520 0.012
182580 0.012
182640 0.012
182700 0.012
182760 0.012
182820 0.012
182880 0.012
182940 0.012
183000 0.012
